0 1 1131.338441
1 2 311.608718
2 3 24.998821
3 4 311.608718
4 5 345.544384
5 6 336.607538
6 7 1359.819326
7 8 80.434620
8 9 256.172918
9 10 80.434620
10 11 1193.236242
11 12 336.607538
12 13 277.182918
13 14 129.873374
14 15 107.656094
15 16 99.078071
16 17 237.529468
17 18 456.968890
18 19 336.607538
19 20 207.440574
20 21 272.389407
21 22 84.946787
22 23 251.660751
0 24 558.318090
1 25 558.318090
24 25 1131.338441
2 26 558.318090
25 26 311.608718
3 27 558.318090
26 27 24.998821
4 28 558.318090
27 28 311.608718
5 29 558.318090
28 29 345.544384
6 30 558.318090
29 30 336.607538
7 31 558.318090
30 31 1359.819326
8 32 558.318090
31 32 80.434620
9 33 558.318090
32 33 256.172918
10 34 558.318090
33 34 80.434620
11 35 558.318090
34 35 1193.236242
12 36 558.318090
35 36 336.607538
13 37 558.318090
36 37 277.182918
14 38 558.318090
37 38 129.873374
15 39 558.318090
38 39 107.656094
16 40 558.318090
39 40 99.078071
17 41 558.318090
40 41 237.529468
18 42 558.318090
41 42 456.968890
19 43 558.318090
42 43 336.607538
20 44 558.318090
43 44 207.440574
21 45 558.318090
44 45 272.389407
22 46 558.318090
45 46 84.946787
23 47 558.318090
46 47 251.660751
24 48 166.315320
25 49 166.315320
48 49 1131.338441
26 50 166.315320
49 50 311.608718
27 51 166.315320
50 51 24.998821
28 52 166.315320
51 52 311.608718
29 53 166.315320
52 53 345.544384
30 54 166.315320
53 54 336.607538
31 55 166.315320
54 55 1359.819326
32 56 166.315320
55 56 80.434620
33 57 166.315320
56 57 256.172918
34 58 166.315320
57 58 80.434620
35 59 166.315320
58 59 1193.236242
36 60 166.315320
59 60 1009.822615
37 61 166.315320
60 61 277.182918
38 62 166.315320
61 62 129.873374
39 63 166.315320
62 63 107.656094
40 64 166.315320
63 64 99.078071
41 65 166.315320
64 65 237.529468
42 66 166.315320
65 66 456.968890
43 67 166.315320
66 67 336.607538
44 68 166.315320
67 68 207.440574
45 69 166.315320
68 69 272.389407
46 70 166.315320
69 70 84.946787
47 71 166.315320
70 71 251.660751
48 72 170.292219
49 73 170.292219
72 73 1131.338441
50 74 170.292219
73 74 311.608718
51 75 170.292219
74 75 24.998821
52 76 170.292219
75 76 311.608718
53 77 170.292219
76 77 345.544384
54 78 170.292219
77 78 336.607538
55 79 170.292219
78 79 1359.819326
56 80 170.292219
79 80 80.434620
57 81 170.292219
80 81 256.172918
58 82 170.292219
81 82 80.434620
59 83 170.292219
82 83 1193.236242
60 84 170.292219
83 84 336.607538
61 85 170.292219
84 85 277.182918
62 86 170.292219
85 86 129.873374
63 87 170.292219
86 87 107.656094
64 88 170.292219
87 88 99.078071
65 89 170.292219
88 89 237.529468
66 90 170.292219
89 90 456.968890
67 91 170.292219
90 91 336.607538
68 92 170.292219
91 92 207.440574
69 93 170.292219
92 93 272.389407
70 94 510.876656
93 94 254.840361
71 95 170.292219
94 95 754.982254
72 96 161.782805
73 97 161.782805
96 97 1131.338441
74 98 161.782805
97 98 311.608718
75 99 161.782805
98 99 24.998821
76 100 161.782805
99 100 311.608718
77 101 161.782805
100 101 345.544384
78 102 161.782805
101 102 336.607538
79 103 161.782805
102 103 1359.819326
80 104 161.782805
103 104 80.434620
81 105 161.782805
104 105 256.172918
82 106 161.782805
105 106 80.434620
83 107 161.782805
106 107 1193.236242
84 108 161.782805
107 108 336.607538
85 109 161.782805
108 109 277.182918
86 110 161.782805
109 110 129.873374
87 111 161.782805
110 111 107.656094
88 112 161.782805
111 112 99.078071
89 113 161.782805
112 113 237.529468
90 114 161.782805
113 114 456.968890
91 115 161.782805
114 115 336.607538
92 116 161.782805
115 116 207.440574
93 117 161.782805
116 117 272.389407
94 118 485.348415
117 118 254.840361
95 119 161.782805
118 119 754.982254
96 120 106.130812
97 121 106.130812
120 121 1131.338441
98 122 106.130812
121 122 311.608718
99 123 106.130812
122 123 24.998821
100 124 106.130812
123 124 311.608718
101 125 106.130812
124 125 345.544384
102 126 106.130812
125 126 1009.822615
103 127 106.130812
126 127 1359.819326
104 128 106.130812
127 128 80.434620
105 129 106.130812
128 129 256.172918
106 130 106.130812
129 130 80.434620
107 131 106.130812
130 131 1193.236242
108 132 106.130812
131 132 336.607538
109 133 106.130812
132 133 277.182918
110 134 106.130812
133 134 129.873374
111 135 106.130812
134 135 107.656094
112 136 106.130812
135 136 99.078071
113 137 106.130812
136 137 237.529468
114 138 106.130812
137 138 456.968890
115 139 106.130812
138 139 336.607538
116 140 106.130812
139 140 207.440574
117 141 106.130812
140 141 272.389407
118 142 318.392436
141 142 84.946787
119 143 106.130812
142 143 251.660751
120 144 230.476726
121 145 230.476726
144 145 1131.338441
122 146 230.476726
145 146 311.608718
123 147 230.476726
146 147 24.998821
124 148 230.476726
147 148 311.608718
125 149 230.476726
148 149 345.544384
126 150 230.476726
149 150 336.607538
127 151 230.476726
150 151 1359.819326
128 152 230.476726
151 152 80.434620
129 153 230.476726
152 153 256.172918
130 154 230.476726
153 154 80.434620
131 155 230.476726
154 155 1193.236242
132 156 230.476726
155 156 336.607538
133 157 230.476726
156 157 277.182918
136 160 230.476726
137 161 230.476726
160 161 237.529468
138 162 230.476726
161 162 456.968890
139 163 230.476726
162 163 336.607538
140 164 230.476726
163 164 207.440574
141 165 230.476726
164 165 272.389407
142 166 230.476726
165 166 84.946787
143 167 230.476726
166 167 251.660751
144 168 106.130812
145 169 106.130812
168 169 1131.338441
146 170 106.130812
169 170 311.608718
147 171 106.130812
170 171 24.998821
148 172 106.130812
171 172 311.608718
149 173 106.130812
172 173 345.544384
150 174 106.130812
173 174 336.607538
151 175 106.130812
174 175 1359.819326
152 176 106.130812
175 176 80.434620
153 177 106.130812
176 177 256.172918
154 178 106.130812
177 178 80.434620
155 179 106.130812
178 179 1193.236242
156 180 106.130812
179 180 336.607538
157 181 106.130812
180 181 277.182918
181 182 129.873374
182 183 107.656094
160 184 106.130812
183 184 99.078071
161 185 106.130812
184 185 237.529468
162 186 106.130812
185 186 456.968890
163 187 106.130812
186 187 336.607538
164 188 106.130812
187 188 207.440574
165 189 106.130812
188 189 272.389407
166 190 106.130812
189 190 84.946787
167 191 106.130812
190 191 251.660751
168 192 33.962088
169 193 33.962088
192 193 1131.338441
170 194 33.962088
193 194 311.608718
171 195 33.962088
194 195 24.998821
172 196 33.962088
195 196 311.608718
173 197 33.962088
196 197 345.544384
174 198 33.962088
197 198 336.607538
175 199 33.962088
198 199 1359.819326
176 200 33.962088
199 200 80.434620
177 201 33.962088
200 201 256.172918
178 202 33.962088
201 202 80.434620
179 203 33.962088
202 203 1193.236242
180 204 33.962088
203 204 336.607538
181 205 33.962088
204 205 277.182918
182 206 33.962088
205 206 129.873374
183 207 33.962088
206 207 107.656094
184 208 33.962088
207 208 99.078071
185 209 33.962088
208 209 237.529468
186 210 33.962088
209 210 456.968890
187 211 33.962088
210 211 336.607538
188 212 33.962088
211 212 207.440574
189 213 33.962088
212 213 272.389407
190 214 33.962088
213 214 84.946787
191 215 33.962088
214 215 251.660751
192 216 243.282099
193 217 243.282099
216 217 1131.338441
194 218 243.282099
217 218 311.608718
195 219 243.282099
218 219 24.998821
196 220 243.282099
219 220 311.608718
197 221 243.282099
220 221 345.544384
198 222 243.282099
221 222 336.607538
199 223 243.282099
222 223 1359.819326
200 224 729.846296
223 224 241.303861
201 225 243.282099
224 225 768.518753
202 226 243.282099
225 226 80.434620
203 227 243.282099
226 227 1193.236242
204 228 243.282099
227 228 336.607538
205 229 243.282099
228 229 277.182918
206 230 243.282099
229 230 129.873374
207 231 243.282099
230 231 107.656094
208 232 243.282099
231 232 99.078071
209 233 243.282099
232 233 237.529468
210 234 243.282099
233 234 456.968890
211 235 243.282099
234 235 336.607538
212 236 243.282099
235 236 207.440574
213 237 243.282099
236 237 272.389407
214 238 243.282099
237 238 84.946787
215 239 243.282099
238 239 251.660751
216 240 34.562851
217 241 34.562851
240 241 1131.338441
218 242 34.562851
241 242 311.608718
219 243 34.562851
242 243 24.998821
220 244 34.562851
243 244 311.608718
221 245 34.562851
244 245 345.544384
222 246 34.562851
245 246 336.607538
223 247 34.562851
246 247 1359.819326
224 248 103.688554
247 248 241.303861
225 249 34.562851
248 249 768.518753
226 250 34.562851
249 250 80.434620
227 251 34.562851
250 251 1193.236242
228 252 34.562851
251 252 336.607538
229 253 34.562851
252 253 277.182918
230 254 34.562851
253 254 129.873374
231 255 34.562851
254 255 107.656094
232 256 103.688554
255 256 297.234212
233 257 34.562851
256 257 712.588403
234 258 34.562851
257 258 456.968890
235 259 34.562851
258 259 336.607538
236 260 34.562851
259 260 207.440574
237 261 34.562851
260 261 272.389407
238 262 34.562851
261 262 84.946787
239 263 34.562851
262 263 251.660751
240 264 17.060931
241 265 17.060931
264 265 1131.338441
242 266 17.060931
265 266 311.608718
244 268 17.060931
245 269 17.060931
268 269 345.544384
246 270 17.060931
269 270 336.607538
247 271 17.060931
270 271 1359.819326
248 272 51.182793
271 272 241.303861
249 273 17.060931
272 273 768.518753
250 274 17.060931
273 274 80.434620
251 275 17.060931
274 275 1193.236242
252 276 17.060931
275 276 336.607538
253 277 17.060931
276 277 277.182918
254 278 17.060931
277 278 129.873374
255 279 17.060931
278 279 107.656094
256 280 51.182793
279 280 297.234212
257 281 17.060931
280 281 712.588403
258 282 17.060931
281 282 456.968890
259 283 17.060931
282 283 336.607538
260 284 17.060931
283 284 207.440574
261 285 17.060931
284 285 272.389407
262 286 17.060931
285 286 84.946787
263 287 17.060931
286 287 251.660751
264 288 41.701657
265 289 41.701657
288 289 1131.338441
266 290 41.701657
289 290 311.608718
268 292 41.701657
269 293 41.701657
292 293 345.544384
270 294 41.701657
293 294 336.607538
271 295 41.701657
294 295 1359.819326
272 296 125.104972
295 296 80.434620
274 298 41.701657
275 299 41.701657
298 299 1193.236242
276 300 41.701657
299 300 336.607538
277 301 41.701657
300 301 277.182918
278 302 41.701657
301 302 129.873374
279 303 41.701657
302 303 107.656094
280 304 125.104972
303 304 297.234212
281 305 41.701657
304 305 712.588403
282 306 41.701657
305 306 456.968890
283 307 41.701657
306 307 336.607538
284 308 41.701657
307 308 207.440574
285 309 41.701657
308 309 272.389407
286 310 41.701657
309 310 84.946787
287 311 41.701657
310 311 251.660751
288 312 51.920725
289 313 51.920725
312 313 1131.338441
290 314 51.920725
313 314 311.608718
292 316 51.920725
293 317 51.920725
316 317 345.544384
294 318 51.920725
317 318 336.607538
295 319 51.920725
318 319 1359.819326
296 320 51.920725
319 320 80.434620
298 322 51.920725
299 323 51.920725
322 323 1193.236242
300 324 51.920725
323 324 336.607538
301 325 51.920725
324 325 277.182918
302 326 51.920725
325 326 129.873374
303 327 51.920725
326 327 107.656094
304 328 155.762176
327 328 297.234212
305 329 51.920725
328 329 712.588403
306 330 51.920725
329 330 456.968890
307 331 51.920725
330 331 336.607538
308 332 51.920725
331 332 207.440574
309 333 51.920725
332 333 272.389407
310 334 51.920725
333 334 84.946787
311 335 51.920725
334 335 251.660751
312 336 191.361373
313 337 191.361373
336 337 1131.338441
316 340 191.361373
317 341 191.361373
340 341 345.544384
318 342 191.361373
341 342 336.607538
319 343 191.361373
342 343 1359.819326
320 344 191.361373
343 344 80.434620
322 346 191.361373
323 347 191.361373
346 347 1193.236242
324 348 191.361373
347 348 336.607538
325 349 191.361373
348 349 277.182918
326 350 191.361373
349 350 129.873374
327 351 191.361373
350 351 107.656094
328 352 574.084120
351 352 99.078071
329 353 191.361373
352 353 237.529468
330 354 191.361373
353 354 456.968890
331 355 191.361373
354 355 336.607538
332 356 191.361373
355 356 207.440574
333 357 191.361373
356 357 272.389407
334 358 191.361373
357 358 84.946787
335 359 191.361373
358 359 251.660751
336 360 34.562851
337 361 34.562851
360 361 1131.338441
340 364 34.562851
363 364 311.608718
341 365 34.562851
364 365 345.544384
342 366 34.562851
365 366 336.607538
343 367 34.562851
366 367 1359.819326
344 368 34.562851
367 368 80.434620
346 370 34.562851
347 371 34.562851
370 371 1193.236242
348 372 34.562851
371 372 336.607538
349 373 34.562851
372 373 277.182918
350 374 34.562851
373 374 129.873374
351 375 34.562851
374 375 107.656094
352 376 34.562851
375 376 99.078071
353 377 34.562851
376 377 237.529468
354 378 34.562851
377 378 456.968890
355 379 34.562851
378 379 336.607538
356 380 34.562851
379 380 207.440574
357 381 34.562851
380 381 272.389407
358 382 34.562851
381 382 84.946787
359 383 34.562851
382 383 251.660751
360 384 17.060931
361 385 17.060931
384 385 1131.338441
363 387 17.060931
364 388 17.060931
387 388 311.608718
365 389 17.060931
388 389 345.544384
366 390 17.060931
389 390 336.607538
367 391 17.060931
390 391 1359.819326
368 392 17.060931
391 392 80.434620
392 393 256.172918
370 394 17.060931
393 394 80.434620
371 395 17.060931
394 395 1193.236242
372 396 17.060931
395 396 336.607538
373 397 17.060931
396 397 277.182918
374 398 17.060931
397 398 129.873374
375 399 17.060931
398 399 107.656094
376 400 17.060931
399 400 99.078071
377 401 17.060931
400 401 237.529468
378 402 17.060931
401 402 456.968890
379 403 17.060931
402 403 336.607538
380 404 17.060931
403 404 207.440574
381 405 17.060931
404 405 272.389407
382 406 17.060931
405 406 84.946787
383 407 17.060931
406 407 251.660751
384 408 93.622383
385 409 93.622383
408 409 1131.338441
409 410 311.608718
387 411 93.622383
410 411 24.998821
388 412 93.622383
411 412 311.608718
389 413 93.622383
412 413 345.544384
390 414 93.622383
413 414 336.607538
391 415 93.622383
414 415 1359.819326
392 416 93.622383
415 416 80.434620
393 417 93.622383
416 417 256.172918
394 418 93.622383
417 418 80.434620
395 419 93.622383
418 419 1193.236242
396 420 93.622383
419 420 336.607538
397 421 93.622383
420 421 277.182918
398 422 93.622383
421 422 129.873374
399 423 93.622383
422 423 107.656094
400 424 93.622383
423 424 99.078071
401 425 93.622383
424 425 237.529468
402 426 93.622383
425 426 456.968890
403 427 93.622383
426 427 336.607538
404 428 93.622383
427 428 207.440574
405 429 93.622383
428 429 272.389407
406 430 93.622383
429 430 84.946787
407 431 93.622383
430 431 251.660751
408 432 260.013459
409 433 260.013459
432 433 1131.338441
410 434 260.013459
433 434 311.608718
411 435 260.013459
434 435 24.998821
412 436 260.013459
435 436 311.608718
413 437 260.013459
436 437 345.544384
414 438 260.013459
437 438 336.607538
415 439 260.013459
438 439 1359.819326
416 440 260.013459
439 440 80.434620
417 441 260.013459
440 441 256.172918
418 442 260.013459
441 442 80.434620
419 443 260.013459
442 443 1193.236242
420 444 260.013459
443 444 336.607538
421 445 260.013459
444 445 277.182918
422 446 260.013459
445 446 129.873374
423 447 260.013459
446 447 107.656094
424 448 260.013459
447 448 99.078071
425 449 260.013459
448 449 237.529468
426 450 260.013459
449 450 456.968890
427 451 260.013459
450 451 336.607538
428 452 260.013459
451 452 207.440574
429 453 260.013459
452 453 272.389407
430 454 260.013459
453 454 84.946787
431 455 260.013459
454 455 251.660751
432 456 37.999456
433 457 37.999456
456 457 1131.338441
434 458 37.999456
457 458 311.608718
435 459 37.999456
458 459 24.998821
436 460 37.999456
459 460 311.608718
437 461 37.999456
460 461 345.544384
438 462 37.999456
461 462 336.607538
439 463 37.999456
462 463 1359.819326
440 464 37.999456
463 464 80.434620
441 465 37.999456
464 465 256.172918
442 466 37.999456
465 466 80.434620
443 467 37.999456
466 467 1193.236242
444 468 37.999456
467 468 336.607538
445 469 37.999456
468 469 277.182918
446 470 37.999456
469 470 129.873374
447 471 37.999456
470 471 107.656094
448 472 37.999456
471 472 99.078071
449 473 37.999456
472 473 237.529468
450 474 37.999456
473 474 456.968890
451 475 37.999456
474 475 336.607538
452 476 37.999456
475 476 207.440574
453 477 37.999456
476 477 272.389407
454 478 37.999456
477 478 84.946787
455 479 37.999456
478 479 251.660751
456 480 770.446690
457 481 770.446690
480 481 1131.338441
458 482 770.446690
481 482 311.608718
459 483 770.446690
482 483 24.998821
460 484 770.446690
483 484 311.608718
461 485 770.446690
484 485 345.544384
462 486 770.446690
485 486 336.607538
463 487 770.446690
486 487 1359.819326
464 488 770.446690
487 488 80.434620
465 489 770.446690
488 489 256.172918
466 490 770.446690
489 490 80.434620
467 491 770.446690
490 491 1193.236242
468 492 770.446690
491 492 336.607538
469 493 770.446690
492 493 277.182918
470 494 770.446690
493 494 129.873374
471 495 770.446690
494 495 107.656094
472 496 770.446690
495 496 99.078071
473 497 770.446690
496 497 237.529468
474 498 770.446690
497 498 456.968890
475 499 770.446690
498 499 336.607538
476 500 770.446690
499 500 207.440574
477 501 770.446690
500 501 272.389407
478 502 770.446690
501 502 84.946787
479 503 770.446690
502 503 251.660751
480 504 39.071104
481 505 39.071104
504 505 1131.338441
482 506 39.071104
505 506 311.608718
483 507 39.071104
506 507 24.998821
484 508 39.071104
507 508 311.608718
485 509 39.071104
508 509 345.544384
486 510 39.071104
509 510 336.607538
487 511 39.071104
510 511 1359.819326
488 512 39.071104
511 512 80.434620
489 513 39.071104
512 513 256.172918
490 514 39.071104
513 514 80.434620
491 515 39.071104
514 515 1193.236242
492 516 39.071104
515 516 336.607538
493 517 39.071104
516 517 277.182918
494 518 39.071104
517 518 129.873374
495 519 39.071104
518 519 107.656094
496 520 39.071104
519 520 99.078071
497 521 39.071104
520 521 237.529468
498 522 39.071104
521 522 456.968890
499 523 39.071104
500 524 39.071104
523 524 207.440574
501 525 39.071104
524 525 272.389407
502 526 39.071104
525 526 84.946787
503 527 39.071104
526 527 251.660751
504 528 297.536434
505 529 297.536434
528 529 1131.338441
506 530 297.536434
529 530 311.608718
507 531 297.536434
530 531 24.998821
508 532 297.536434
531 532 311.608718
509 533 297.536434
532 533 345.544384
510 534 297.536434
533 534 336.607538
511 535 297.536434
534 535 1359.819326
512 536 297.536434
535 536 80.434620
513 537 297.536434
536 537 256.172918
514 538 297.536434
537 538 80.434620
515 539 297.536434
538 539 1193.236242
516 540 297.536434
539 540 336.607538
517 541 297.536434
540 541 277.182918
518 542 297.536434
541 542 129.873374
519 543 297.536434
542 543 107.656094
520 544 297.536434
543 544 99.078071
521 545 297.536434
544 545 237.529468
522 546 297.536434
545 546 456.968890
523 547 297.536434
546 547 336.607538
524 548 297.536434
547 548 207.440574
525 549 297.536434
548 549 272.389407
526 550 297.536434
549 550 84.946787
527 551 297.536434
550 551 251.660751
