1239.157525 1616.751456 0.000000
1239.157525 2748.089897 0.000000
1239.157525 3059.698615 0.000000
1239.157525 3084.697435 0.000000
1239.157525 3396.306153 0.000000
1239.157525 3741.850537 0.000000
1239.157525 4078.458075 0.000000
1239.157525 5438.277401 0.000000
1239.157525 5518.712021 0.000000
1239.157525 5774.884939 0.000000
1239.157525 5855.319560 0.000000
1239.157525 7048.555802 0.000000
1239.157525 7385.163340 0.000000
1239.157525 7662.346258 0.000000
1239.157525 7792.219632 0.000000
1239.157525 7899.875726 0.000000
1239.157525 7998.953797 0.000000
1239.157525 8236.483264 0.000000
1239.157525 8693.452155 0.000000
1239.157525 9030.059693 0.000000
1239.157525 9237.500267 0.000000
1239.157525 9509.889674 0.000000
1239.157525 9594.836461 0.000000
1239.157525 9846.497212 0.000000
1797.475615 1616.751456 0.000000
1797.475615 2748.089897 0.000000
1797.475615 3059.698615 0.000000
1797.475615 3084.697435 0.000000
1797.475615 3396.306153 0.000000
1797.475615 3741.850537 0.000000
1797.475615 4078.458075 0.000000
1797.475615 5438.277401 0.000000
1797.475615 5518.712021 0.000000
1797.475615 5774.884939 0.000000
1797.475615 5855.319560 0.000000
1797.475615 7048.555802 0.000000
1797.475615 7385.163340 0.000000
1797.475615 7662.346258 0.000000
1797.475615 7792.219632 0.000000
1797.475615 7899.875726 0.000000
1797.475615 7998.953797 0.000000
1797.475615 8236.483264 0.000000
1797.475615 8693.452155 0.000000
1797.475615 9030.059693 0.000000
1797.475615 9237.500267 0.000000
1797.475615 9509.889674 0.000000
1797.475615 9594.836461 0.000000
1797.475615 9846.497212 0.000000
1963.790935 1616.751456 0.000000
1963.790935 2748.089897 0.000000
1963.790935 3059.698615 0.000000
1963.790935 3084.697435 0.000000
1963.790935 3396.306153 0.000000
1963.790935 3741.850537 0.000000
1963.790935 4078.458075 0.000000
1963.790935 5438.277401 0.000000
1963.790935 5518.712021 0.000000
1963.790935 5774.884939 0.000000
1963.790935 5855.319560 0.000000
1963.790935 7048.555802 0.000000
1963.790935 7385.163340 0.000000
1963.790935 7662.346258 0.000000
1963.790935 7792.219632 0.000000
1963.790935 7899.875726 0.000000
1963.790935 7998.953797 0.000000
1963.790935 8236.483264 0.000000
1963.790935 8693.452155 0.000000
1963.790935 9030.059693 0.000000
1963.790935 9237.500267 0.000000
1963.790935 9509.889674 0.000000
1963.790935 9594.836461 0.000000
1963.790935 9846.497212 0.000000
2134.083153 1616.751456 0.000000
2134.083153 2748.089897 0.000000
2134.083153 3059.698615 0.000000
2134.083153 3084.697435 0.000000
2134.083153 3396.306153 0.000000
2134.083153 3741.850537 0.000000
2134.083153 4078.458075 0.000000
2134.083153 5438.277401 0.000000
2134.083153 5518.712021 0.000000
2134.083153 5774.884939 0.000000
2134.083153 5855.319560 0.000000
2134.083153 7048.555802 0.000000
2134.083153 7385.163340 0.000000
2134.083153 7662.346258 0.000000
2134.083153 7792.219632 0.000000
2134.083153 7899.875726 0.000000
2134.083153 7998.953797 0.000000
2134.083153 8236.483264 0.000000
2134.083153 8693.452155 0.000000
2134.083153 9030.059693 0.000000
2134.083153 9237.500267 0.000000
2134.083153 9509.889674 0.000000
2134.083153 9594.836461 0.000000
2134.083153 9846.497212 0.000000
2295.865958 1616.751456 0.000000
2295.865958 2748.089897 0.000000
2295.865958 3059.698615 0.000000
2295.865958 3084.697435 0.000000
2295.865958 3396.306153 0.000000
2295.865958 3741.850537 0.000000
2295.865958 4078.458075 0.000000
2295.865958 5438.277401 0.000000
2295.865958 5518.712021 0.000000
2295.865958 5774.884939 0.000000
2295.865958 5855.319560 0.000000
2295.865958 7048.555802 0.000000
2295.865958 7385.163340 0.000000
2295.865958 7662.346258 0.000000
2295.865958 7792.219632 0.000000
2295.865958 7899.875726 0.000000
2295.865958 7998.953797 0.000000
2295.865958 8236.483264 0.000000
2295.865958 8693.452155 0.000000
2295.865958 9030.059693 0.000000
2295.865958 9237.500267 0.000000
2295.865958 9509.889674 0.000000
2295.865958 9594.836461 0.000000
2295.865958 9846.497212 0.000000
2401.996770 1616.751456 0.000000
2401.996770 2748.089897 0.000000
2401.996770 3059.698615 0.000000
2401.996770 3084.697435 0.000000
2401.996770 3396.306153 0.000000
2401.996770 3741.850537 0.000000
2401.996770 4078.458075 0.000000
2401.996770 5438.277401 0.000000
2401.996770 5518.712021 0.000000
2401.996770 5774.884939 0.000000
2401.996770 5855.319560 0.000000
2401.996770 7048.555802 0.000000
2401.996770 7385.163340 0.000000
2401.996770 7662.346258 0.000000
2401.996770 7792.219632 0.000000
2401.996770 7899.875726 0.000000
2401.996770 7998.953797 0.000000
2401.996770 8236.483264 0.000000
2401.996770 8693.452155 0.000000
2401.996770 9030.059693 0.000000
2401.996770 9237.500267 0.000000
2401.996770 9509.889674 0.000000
2401.996770 9594.836461 0.000000
2401.996770 9846.497212 0.000000
2632.473497 1616.751456 0.000000
2632.473497 2748.089897 0.000000
2632.473497 3059.698615 0.000000
2632.473497 3084.697435 0.000000
2632.473497 3396.306153 0.000000
2632.473497 3741.850537 0.000000
2632.473497 4078.458075 0.000000
2632.473497 5438.277401 0.000000
2632.473497 5518.712021 0.000000
2632.473497 5774.884939 0.000000
2632.473497 5855.319560 0.000000
2632.473497 7048.555802 0.000000
2632.473497 7385.163340 0.000000
2632.473497 7662.346258 0.000000
2632.473497 7792.219632 0.000000
2632.473497 7899.875726 0.000000
2632.473497 7998.953797 0.000000
2632.473497 8236.483264 0.000000
2632.473497 8693.452155 0.000000
2632.473497 9030.059693 0.000000
2632.473497 9237.500267 0.000000
2632.473497 9509.889674 0.000000
2632.473497 9594.836461 0.000000
2632.473497 9846.497212 0.000000
2738.604308 1616.751456 0.000000
2738.604308 2748.089897 0.000000
2738.604308 3059.698615 0.000000
2738.604308 3084.697435 0.000000
2738.604308 3396.306153 0.000000
2738.604308 3741.850537 0.000000
2738.604308 4078.458075 0.000000
2738.604308 5438.277401 0.000000
2738.604308 5518.712021 0.000000
2738.604308 5774.884939 0.000000
2738.604308 5855.319560 0.000000
2738.604308 7048.555802 0.000000
2738.604308 7385.163340 0.000000
2738.604308 7662.346258 0.000000
2738.604308 7792.219632 0.000000
2738.604308 7899.875726 0.000000
2738.604308 7998.953797 0.000000
2738.604308 8236.483264 0.000000
2738.604308 8693.452155 0.000000
2738.604308 9030.059693 0.000000
2738.604308 9237.500267 0.000000
2738.604308 9509.889674 0.000000
2738.604308 9594.836461 0.000000
2738.604308 9846.497212 0.000000
2772.566397 1616.751456 0.000000
2772.566397 2748.089897 0.000000
2772.566397 3059.698615 0.000000
2772.566397 3084.697435 0.000000
2772.566397 3396.306153 0.000000
2772.566397 3741.850537 0.000000
2772.566397 4078.458075 0.000000
2772.566397 5438.277401 0.000000
2772.566397 5518.712021 0.000000
2772.566397 5774.884939 0.000000
2772.566397 5855.319560 0.000000
2772.566397 7048.555802 0.000000
2772.566397 7385.163340 0.000000
2772.566397 7662.346258 0.000000
2772.566397 7792.219632 0.000000
2772.566397 7899.875726 0.000000
2772.566397 7998.953797 0.000000
2772.566397 8236.483264 0.000000
2772.566397 8693.452155 0.000000
2772.566397 9030.059693 0.000000
2772.566397 9237.500267 0.000000
2772.566397 9509.889674 0.000000
2772.566397 9594.836461 0.000000
2772.566397 9846.497212 0.000000
3015.848495 1616.751456 0.000000
3015.848495 2748.089897 0.000000
3015.848495 3059.698615 0.000000
3015.848495 3084.697435 0.000000
3015.848495 3396.306153 0.000000
3015.848495 3741.850537 0.000000
3015.848495 4078.458075 0.000000
3015.848495 5438.277401 0.000000
3015.848495 5518.712021 0.000000
3015.848495 5774.884939 0.000000
3015.848495 5855.319560 0.000000
3015.848495 7048.555802 0.000000
3015.848495 7385.163340 0.000000
3015.848495 7662.346258 0.000000
3015.848495 7792.219632 0.000000
3015.848495 7899.875726 0.000000
3015.848495 7998.953797 0.000000
3015.848495 8236.483264 0.000000
3015.848495 8693.452155 0.000000
3015.848495 9030.059693 0.000000
3015.848495 9237.500267 0.000000
3015.848495 9509.889674 0.000000
3015.848495 9594.836461 0.000000
3015.848495 9846.497212 0.000000
3050.411347 1616.751456 0.000000
3050.411347 2748.089897 0.000000
3050.411347 3059.698615 0.000000
3050.411347 3084.697435 0.000000
3050.411347 3396.306153 0.000000
3050.411347 3741.850537 0.000000
3050.411347 4078.458075 0.000000
3050.411347 5438.277401 0.000000
3050.411347 5518.712021 0.000000
3050.411347 5774.884939 0.000000
3050.411347 5855.319560 0.000000
3050.411347 7048.555802 0.000000
3050.411347 7385.163340 0.000000
3050.411347 7662.346258 0.000000
3050.411347 7792.219632 0.000000
3050.411347 7899.875726 0.000000
3050.411347 7998.953797 0.000000
3050.411347 8236.483264 0.000000
3050.411347 8693.452155 0.000000
3050.411347 9030.059693 0.000000
3050.411347 9237.500267 0.000000
3050.411347 9509.889674 0.000000
3050.411347 9594.836461 0.000000
3050.411347 9846.497212 0.000000
3067.472277 1616.751456 0.000000
3067.472277 2748.089897 0.000000
3067.472277 3059.698615 0.000000
3067.472277 3084.697435 0.000000
3067.472277 3396.306153 0.000000
3067.472277 3741.850537 0.000000
3067.472277 4078.458075 0.000000
3067.472277 5438.277401 0.000000
3067.472277 5518.712021 0.000000
3067.472277 5774.884939 0.000000
3067.472277 5855.319560 0.000000
3067.472277 7048.555802 0.000000
3067.472277 7385.163340 0.000000
3067.472277 7662.346258 0.000000
3067.472277 7792.219632 0.000000
3067.472277 7899.875726 0.000000
3067.472277 7998.953797 0.000000
3067.472277 8236.483264 0.000000
3067.472277 8693.452155 0.000000
3067.472277 9030.059693 0.000000
3067.472277 9237.500267 0.000000
3067.472277 9509.889674 0.000000
3067.472277 9594.836461 0.000000
3067.472277 9846.497212 0.000000
3109.173935 1616.751456 0.000000
3109.173935 2748.089897 0.000000
3109.173935 3059.698615 0.000000
3109.173935 3084.697435 0.000000
3109.173935 3396.306153 0.000000
3109.173935 3741.850537 0.000000
3109.173935 4078.458075 0.000000
3109.173935 5438.277401 0.000000
3109.173935 5518.712021 0.000000
3109.173935 5774.884939 0.000000
3109.173935 5855.319560 0.000000
3109.173935 7048.555802 0.000000
3109.173935 7385.163340 0.000000
3109.173935 7662.346258 0.000000
3109.173935 7792.219632 0.000000
3109.173935 7899.875726 0.000000
3109.173935 7998.953797 0.000000
3109.173935 8236.483264 0.000000
3109.173935 8693.452155 0.000000
3109.173935 9030.059693 0.000000
3109.173935 9237.500267 0.000000
3109.173935 9509.889674 0.000000
3109.173935 9594.836461 0.000000
3109.173935 9846.497212 0.000000
3161.094660 1616.751456 0.000000
3161.094660 2748.089897 0.000000
3161.094660 3059.698615 0.000000
3161.094660 3084.697435 0.000000
3161.094660 3396.306153 0.000000
3161.094660 3741.850537 0.000000
3161.094660 4078.458075 0.000000
3161.094660 5438.277401 0.000000
3161.094660 5518.712021 0.000000
3161.094660 5774.884939 0.000000
3161.094660 5855.319560 0.000000
3161.094660 7048.555802 0.000000
3161.094660 7385.163340 0.000000
3161.094660 7662.346258 0.000000
3161.094660 7792.219632 0.000000
3161.094660 7899.875726 0.000000
3161.094660 7998.953797 0.000000
3161.094660 8236.483264 0.000000
3161.094660 8693.452155 0.000000
3161.094660 9030.059693 0.000000
3161.094660 9237.500267 0.000000
3161.094660 9509.889674 0.000000
3161.094660 9594.836461 0.000000
3161.094660 9846.497212 0.000000
3352.456034 1616.751456 0.000000
3352.456034 2748.089897 0.000000
3352.456034 3059.698615 0.000000
3352.456034 3084.697435 0.000000
3352.456034 3396.306153 0.000000
3352.456034 3741.850537 0.000000
3352.456034 4078.458075 0.000000
3352.456034 5438.277401 0.000000
3352.456034 5518.712021 0.000000
3352.456034 5774.884939 0.000000
3352.456034 5855.319560 0.000000
3352.456034 7048.555802 0.000000
3352.456034 7385.163340 0.000000
3352.456034 7662.346258 0.000000
3352.456034 7792.219632 0.000000
3352.456034 7899.875726 0.000000
3352.456034 7998.953797 0.000000
3352.456034 8236.483264 0.000000
3352.456034 8693.452155 0.000000
3352.456034 9030.059693 0.000000
3352.456034 9237.500267 0.000000
3352.456034 9509.889674 0.000000
3352.456034 9594.836461 0.000000
3352.456034 9846.497212 0.000000
3387.018885 1616.751456 0.000000
3387.018885 2748.089897 0.000000
3387.018885 3059.698615 0.000000
3387.018885 3084.697435 0.000000
3387.018885 3396.306153 0.000000
3387.018885 3741.850537 0.000000
3387.018885 4078.458075 0.000000
3387.018885 5438.277401 0.000000
3387.018885 5518.712021 0.000000
3387.018885 5774.884939 0.000000
3387.018885 5855.319560 0.000000
3387.018885 7048.555802 0.000000
3387.018885 7385.163340 0.000000
3387.018885 7662.346258 0.000000
3387.018885 7792.219632 0.000000
3387.018885 7899.875726 0.000000
3387.018885 7998.953797 0.000000
3387.018885 8236.483264 0.000000
3387.018885 8693.452155 0.000000
3387.018885 9030.059693 0.000000
3387.018885 9237.500267 0.000000
3387.018885 9509.889674 0.000000
3387.018885 9594.836461 0.000000
3387.018885 9846.497212 0.000000
3404.079816 1616.751456 0.000000
3404.079816 2748.089897 0.000000
3404.079816 3059.698615 0.000000
3404.079816 3084.697435 0.000000
3404.079816 3396.306153 0.000000
3404.079816 3741.850537 0.000000
3404.079816 4078.458075 0.000000
3404.079816 5438.277401 0.000000
3404.079816 5518.712021 0.000000
3404.079816 5774.884939 0.000000
3404.079816 5855.319560 0.000000
3404.079816 7048.555802 0.000000
3404.079816 7385.163340 0.000000
3404.079816 7662.346258 0.000000
3404.079816 7792.219632 0.000000
3404.079816 7899.875726 0.000000
3404.079816 7998.953797 0.000000
3404.079816 8236.483264 0.000000
3404.079816 8693.452155 0.000000
3404.079816 9030.059693 0.000000
3404.079816 9237.500267 0.000000
3404.079816 9509.889674 0.000000
3404.079816 9594.836461 0.000000
3404.079816 9846.497212 0.000000
3497.702198 1616.751456 0.000000
3497.702198 2748.089897 0.000000
3497.702198 3059.698615 0.000000
3497.702198 3084.697435 0.000000
3497.702198 3396.306153 0.000000
3497.702198 3741.850537 0.000000
3497.702198 4078.458075 0.000000
3497.702198 5438.277401 0.000000
3497.702198 5518.712021 0.000000
3497.702198 5774.884939 0.000000
3497.702198 5855.319560 0.000000
3497.702198 7048.555802 0.000000
3497.702198 7385.163340 0.000000
3497.702198 7662.346258 0.000000
3497.702198 7792.219632 0.000000
3497.702198 7899.875726 0.000000
3497.702198 7998.953797 0.000000
3497.702198 8236.483264 0.000000
3497.702198 8693.452155 0.000000
3497.702198 9030.059693 0.000000
3497.702198 9237.500267 0.000000
3497.702198 9509.889674 0.000000
3497.702198 9594.836461 0.000000
3497.702198 9846.497212 0.000000
3757.715657 1616.751456 0.000000
3757.715657 2748.089897 0.000000
3757.715657 3059.698615 0.000000
3757.715657 3084.697435 0.000000
3757.715657 3396.306153 0.000000
3757.715657 3741.850537 0.000000
3757.715657 4078.458075 0.000000
3757.715657 5438.277401 0.000000
3757.715657 5518.712021 0.000000
3757.715657 5774.884939 0.000000
3757.715657 5855.319560 0.000000
3757.715657 7048.555802 0.000000
3757.715657 7385.163340 0.000000
3757.715657 7662.346258 0.000000
3757.715657 7792.219632 0.000000
3757.715657 7899.875726 0.000000
3757.715657 7998.953797 0.000000
3757.715657 8236.483264 0.000000
3757.715657 8693.452155 0.000000
3757.715657 9030.059693 0.000000
3757.715657 9237.500267 0.000000
3757.715657 9509.889674 0.000000
3757.715657 9594.836461 0.000000
3757.715657 9846.497212 0.000000
3795.715114 1616.751456 0.000000
3795.715114 2748.089897 0.000000
3795.715114 3059.698615 0.000000
3795.715114 3084.697435 0.000000
3795.715114 3396.306153 0.000000
3795.715114 3741.850537 0.000000
3795.715114 4078.458075 0.000000
3795.715114 5438.277401 0.000000
3795.715114 5518.712021 0.000000
3795.715114 5774.884939 0.000000
3795.715114 5855.319560 0.000000
3795.715114 7048.555802 0.000000
3795.715114 7385.163340 0.000000
3795.715114 7662.346258 0.000000
3795.715114 7792.219632 0.000000
3795.715114 7899.875726 0.000000
3795.715114 7998.953797 0.000000
3795.715114 8236.483264 0.000000
3795.715114 8693.452155 0.000000
3795.715114 9030.059693 0.000000
3795.715114 9237.500267 0.000000
3795.715114 9509.889674 0.000000
3795.715114 9594.836461 0.000000
3795.715114 9846.497212 0.000000
4566.161803 1616.751456 0.000000
4566.161803 2748.089897 0.000000
4566.161803 3059.698615 0.000000
4566.161803 3084.697435 0.000000
4566.161803 3396.306153 0.000000
4566.161803 3741.850537 0.000000
4566.161803 4078.458075 0.000000
4566.161803 5438.277401 0.000000
4566.161803 5518.712021 0.000000
4566.161803 5774.884939 0.000000
4566.161803 5855.319560 0.000000
4566.161803 7048.555802 0.000000
4566.161803 7385.163340 0.000000
4566.161803 7662.346258 0.000000
4566.161803 7792.219632 0.000000
4566.161803 7899.875726 0.000000
4566.161803 7998.953797 0.000000
4566.161803 8236.483264 0.000000
4566.161803 8693.452155 0.000000
4566.161803 9030.059693 0.000000
4566.161803 9237.500267 0.000000
4566.161803 9509.889674 0.000000
4566.161803 9594.836461 0.000000
4566.161803 9846.497212 0.000000
4605.232907 1616.751456 0.000000
4605.232907 2748.089897 0.000000
4605.232907 3059.698615 0.000000
4605.232907 3084.697435 0.000000
4605.232907 3396.306153 0.000000
4605.232907 3741.850537 0.000000
4605.232907 4078.458075 0.000000
4605.232907 5438.277401 0.000000
4605.232907 5518.712021 0.000000
4605.232907 5774.884939 0.000000
4605.232907 5855.319560 0.000000
4605.232907 7048.555802 0.000000
4605.232907 7385.163340 0.000000
4605.232907 7662.346258 0.000000
4605.232907 7792.219632 0.000000
4605.232907 7899.875726 0.000000
4605.232907 7998.953797 0.000000
4605.232907 8236.483264 0.000000
4605.232907 8693.452155 0.000000
4605.232907 9030.059693 0.000000
4605.232907 9237.500267 0.000000
4605.232907 9509.889674 0.000000
4605.232907 9594.836461 0.000000
4605.232907 9846.497212 0.000000
4902.769341 1616.751456 0.000000
4902.769341 2748.089897 0.000000
4902.769341 3059.698615 0.000000
4902.769341 3084.697435 0.000000
4902.769341 3396.306153 0.000000
4902.769341 3741.850537 0.000000
4902.769341 4078.458075 0.000000
4902.769341 5438.277401 0.000000
4902.769341 5518.712021 0.000000
4902.769341 5774.884939 0.000000
4902.769341 5855.319560 0.000000
4902.769341 7048.555802 0.000000
4902.769341 7385.163340 0.000000
4902.769341 7662.346258 0.000000
4902.769341 7792.219632 0.000000
4902.769341 7899.875726 0.000000
4902.769341 7998.953797 0.000000
4902.769341 8236.483264 0.000000
4902.769341 8693.452155 0.000000
4902.769341 9030.059693 0.000000
4902.769341 9237.500267 0.000000
4902.769341 9509.889674 0.000000
4902.769341 9594.836461 0.000000
4902.769341 9846.497212 0.000000
