0 1 325.624055
1 2 181.621457
2 3 726.617736
3 4 77.219816
4 5 28.821923
5 6 614.066527
6 7 41.972681
7 8 528.285227
8 9 91.440448
9 10 64.919379
10 11 41.972681
11 12 619.725676
12 13 837.864403
13 14 113.862949
14 15 510.615599
15 16 216.002136
16 17 510.615599
17 18 123.234307
18 19 18.036922
19 20 439.722468
20 21 52.167430
21 22 160.383810
22 23 56.307105
23 24 18.036922
24 25 491.889898
25 26 160.383810
26 27 214.766390
0 28 1202.491737
1 29 1202.491737
28 29 325.624055
2 30 1202.491737
29 30 181.621457
3 31 1202.491737
30 31 726.617736
4 32 1202.491737
31 32 77.219816
5 33 1202.491737
32 33 28.821923
6 34 1202.491737
33 34 614.066527
7 35 1202.491737
34 35 41.972681
8 36 1202.491737
35 36 528.285227
9 37 1202.491737
36 37 91.440448
10 38 1202.491737
37 38 64.919379
11 39 1202.491737
38 39 41.972681
12 40 1202.491737
39 40 619.725676
13 41 1202.491737
40 41 837.864403
14 42 1202.491737
41 42 113.862949
15 43 1202.491737
42 43 510.615599
16 44 1202.491737
43 44 216.002136
17 45 1202.491737
44 45 510.615599
18 46 1202.491737
45 46 123.234307
19 47 1202.491737
46 47 18.036922
20 48 1202.491737
47 48 439.722468
21 49 1202.491737
48 49 52.167430
22 50 1202.491737
49 50 160.383810
23 51 1202.491737
50 51 56.307105
24 52 1202.491737
51 52 18.036922
25 53 1202.491737
52 53 491.889898
26 54 1202.491737
53 54 160.383810
27 55 1202.491737
54 55 214.766390
28 56 465.359958
29 57 465.359958
56 57 325.624055
30 58 465.359958
57 58 181.621457
31 59 465.359958
58 59 726.617736
32 60 465.359958
59 60 77.219816
33 61 465.359958
60 61 28.821923
34 62 465.359958
61 62 614.066527
35 63 465.359958
62 63 41.972681
36 64 465.359958
63 64 528.285227
37 65 465.359958
64 65 91.440448
38 66 465.359958
65 66 64.919379
39 67 465.359958
66 67 41.972681
40 68 465.359958
67 68 619.725676
41 69 465.359958
68 69 837.864403
42 70 465.359958
69 70 113.862949
43 71 465.359958
70 71 510.615599
44 72 465.359958
71 72 216.002136
45 73 465.359958
72 73 510.615599
46 74 465.359958
73 74 123.234307
47 75 465.359958
74 75 18.036922
48 76 465.359958
75 76 439.722468
49 77 465.359958
76 77 52.167430
53 81 465.359958
54 82 465.359958
81 82 160.383810
55 83 465.359958
82 83 214.766390
56 84 111.892114
57 85 111.892114
84 85 325.624055
58 86 111.892114
85 86 181.621457
59 87 111.892114
86 87 726.617736
60 88 111.892114
87 88 77.219816
61 89 111.892114
88 89 28.821923
62 90 111.892114
89 90 614.066527
63 91 111.892114
90 91 41.972681
64 92 111.892114
91 92 528.285227
65 93 111.892114
92 93 91.440448
66 94 111.892114
93 94 64.919379
67 95 111.892114
94 95 41.972681
68 96 111.892114
95 96 619.725676
69 97 111.892114
96 97 837.864403
70 98 111.892114
97 98 113.862949
71 99 111.892114
98 99 510.615599
72 100 111.892114
99 100 216.002136
73 101 111.892114
100 101 510.615599
74 102 111.892114
101 102 123.234307
75 103 111.892114
102 103 18.036922
81 109 111.892114
82 110 111.892114
109 110 160.383810
83 111 111.892114
110 111 214.766390
84 112 149.365664
85 113 149.365664
112 113 325.624055
86 114 149.365664
113 114 181.621457
87 115 149.365664
114 115 726.617736
88 116 149.365664
115 116 77.219816
89 117 149.365664
116 117 28.821923
90 118 149.365664
117 118 614.066527
91 119 149.365664
118 119 41.972681
92 120 149.365664
119 120 528.285227
93 121 149.365664
120 121 91.440448
94 122 149.365664
121 122 64.919379
95 123 149.365664
122 123 41.972681
96 124 149.365664
123 124 619.725676
97 125 149.365664
124 125 837.864403
98 126 149.365664
125 126 113.862949
99 127 149.365664
126 127 510.615599
100 128 448.096991
127 128 648.006409
101 129 149.365664
128 129 1531.846798
102 130 149.365664
129 130 123.234307
103 131 149.365664
130 131 18.036922
109 137 149.365664
136 137 491.889898
110 138 149.365664
137 138 160.383810
111 139 149.365664
138 139 214.766390
112 140 297.567042
113 141 297.567042
140 141 325.624055
114 142 297.567042
141 142 181.621457
115 143 297.567042
142 143 726.617736
116 144 297.567042
143 144 77.219816
117 145 297.567042
144 145 28.821923
118 146 297.567042
145 146 614.066527
119 147 297.567042
146 147 41.972681
120 148 297.567042
147 148 528.285227
121 149 297.567042
148 149 91.440448
122 150 297.567042
149 150 64.919379
123 151 297.567042
150 151 41.972681
124 152 297.567042
151 152 619.725676
125 153 297.567042
152 153 837.864403
126 154 297.567042
153 154 113.862949
127 155 297.567042
154 155 510.615599
128 156 892.701125
155 156 648.006409
129 157 297.567042
156 157 1531.846798
130 158 297.567042
157 158 123.234307
131 159 297.567042
158 159 18.036922
136 164 297.567042
137 165 297.567042
164 165 491.889898
138 166 297.567042
165 166 160.383810
139 167 297.567042
166 167 214.766390
140 168 167.792916
141 169 167.792916
168 169 325.624055
142 170 167.792916
169 170 181.621457
143 171 167.792916
170 171 726.617736
144 172 167.792916
171 172 77.219816
145 173 167.792916
172 173 28.821923
146 174 167.792916
173 174 614.066527
147 175 167.792916
174 175 41.972681
148 176 167.792916
175 176 528.285227
149 177 167.792916
176 177 91.440448
150 178 167.792916
177 178 64.919379
151 179 167.792916
178 179 41.972681
152 180 167.792916
179 180 619.725676
153 181 167.792916
180 181 837.864403
154 182 167.792916
181 182 113.862949
155 183 167.792916
182 183 510.615599
156 184 503.378748
183 184 648.006409
157 185 167.792916
184 185 1531.846798
158 186 167.792916
185 186 123.234307
159 187 167.792916
186 187 18.036922
187 188 439.722468
188 189 52.167430
189 190 160.383810
190 191 56.307105
164 192 167.792916
191 192 18.036922
165 193 167.792916
192 193 491.889898
166 194 167.792916
193 194 160.383810
167 195 167.792916
194 195 214.766390
168 196 111.892114
169 197 111.892114
196 197 325.624055
170 198 111.892114
197 198 181.621457
171 199 111.892114
198 199 726.617736
172 200 111.892114
199 200 77.219816
173 201 111.892114
200 201 28.821923
174 202 111.892114
201 202 614.066527
175 203 111.892114
202 203 41.972681
176 204 111.892114
203 204 528.285227
177 205 111.892114
204 205 91.440448
178 206 111.892114
205 206 64.919379
179 207 111.892114
206 207 41.972681
180 208 111.892114
207 208 619.725676
181 209 111.892114
208 209 837.864403
182 210 111.892114
209 210 113.862949
183 211 111.892114
210 211 510.615599
184 212 335.676342
211 212 216.002136
185 213 111.892114
212 213 510.615599
186 214 111.892114
213 214 123.234307
187 215 111.892114
214 215 18.036922
188 216 111.892114
215 216 439.722468
189 217 111.892114
216 217 52.167430
190 218 111.892114
217 218 160.383810
191 219 111.892114
218 219 56.307105
192 220 111.892114
219 220 18.036922
193 221 111.892114
220 221 491.889898
194 222 111.892114
221 222 160.383810
195 223 111.892114
222 223 214.766390
196 224 325.303888
197 225 325.303888
224 225 325.624055
198 226 325.303888
225 226 181.621457
199 227 325.303888
226 227 726.617736
200 228 325.303888
227 228 77.219816
201 229 325.303888
228 229 28.821923
202 230 325.303888
229 230 614.066527
203 231 325.303888
230 231 41.972681
204 232 325.303888
231 232 528.285227
205 233 325.303888
232 233 91.440448
206 234 325.303888
233 234 64.919379
207 235 325.303888
234 235 41.972681
208 236 325.303888
235 236 619.725676
209 237 325.303888
236 237 837.864403
210 238 325.303888
237 238 113.862949
211 239 325.303888
238 239 510.615599
212 240 325.303888
239 240 216.002136
213 241 325.303888
240 241 510.615599
214 242 325.303888
241 242 123.234307
215 243 325.303888
242 243 18.036922
216 244 325.303888
243 244 439.722468
217 245 325.303888
244 245 52.167430
218 246 325.303888
245 246 160.383810
219 247 325.303888
246 247 56.307105
220 248 325.303888
247 248 18.036922
221 249 325.303888
248 249 491.889898
222 250 325.303888
249 250 160.383810
223 251 325.303888
250 251 214.766390
224 252 84.131795
225 253 84.131795
252 253 325.624055
226 254 84.131795
253 254 181.621457
227 255 84.131795
254 255 726.617736
228 256 84.131795
255 256 77.219816
229 257 84.131795
256 257 28.821923
230 258 84.131795
257 258 614.066527
231 259 84.131795
258 259 41.972681
232 260 252.395386
259 260 1584.855682
233 261 252.395386
260 261 274.321345
234 262 252.395386
261 262 194.758136
235 263 84.131795
262 263 125.918043
236 264 84.131795
263 264 619.725676
237 265 84.131795
264 265 837.864403
238 266 84.131795
265 266 113.862949
239 267 84.131795
266 267 510.615599
240 268 84.131795
267 268 216.002136
241 269 84.131795
268 269 510.615599
242 270 84.131795
269 270 123.234307
243 271 84.131795
270 271 18.036922
244 272 84.131795
271 272 439.722468
245 273 84.131795
272 273 52.167430
246 274 84.131795
273 274 160.383810
247 275 84.131795
274 275 56.307105
248 276 84.131795
275 276 18.036922
249 277 84.131795
276 277 491.889898
250 278 84.131795
277 278 160.383810
251 279 84.131795
278 279 214.766390
252 280 642.485940
253 281 642.485940
280 281 325.624055
254 282 642.485940
281 282 181.621457
255 283 642.485940
282 283 726.617736
256 284 642.485940
283 284 77.219816
257 285 642.485940
284 285 28.821923
258 286 642.485940
285 286 614.066527
259 287 1927.457821
286 287 125.918043
260 288 1927.457821
287 288 1584.855682
261 289 1927.457821
288 289 274.321345
262 290 1927.457821
289 290 194.758136
263 291 642.485940
290 291 41.972681
264 292 642.485940
291 292 619.725676
265 293 642.485940
292 293 837.864403
266 294 642.485940
293 294 113.862949
267 295 642.485940
294 295 510.615599
268 296 642.485940
295 296 216.002136
269 297 642.485940
296 297 510.615599
270 298 642.485940
297 298 123.234307
271 299 642.485940
298 299 18.036922
272 300 642.485940
299 300 439.722468
273 301 642.485940
300 301 52.167430
274 302 642.485940
301 302 160.383810
275 303 642.485940
302 303 56.307105
276 304 642.485940
303 304 18.036922
277 305 642.485940
304 305 491.889898
278 306 642.485940
305 306 160.383810
279 307 642.485940
306 307 214.766390
280 308 84.131795
281 309 84.131795
308 309 325.624055
282 310 84.131795
309 310 181.621457
283 311 84.131795
310 311 726.617736
284 312 84.131795
311 312 77.219816
285 313 84.131795
312 313 28.821923
286 314 84.131795
313 314 614.066527
287 315 252.395386
314 315 41.972681
288 316 252.395386
315 316 528.285227
289 317 252.395386
316 317 91.440448
290 318 84.131795
317 318 64.919379
291 319 84.131795
318 319 41.972681
292 320 84.131795
319 320 619.725676
293 321 84.131795
320 321 837.864403
294 322 84.131795
321 322 113.862949
295 323 84.131795
322 323 510.615599
296 324 84.131795
323 324 216.002136
297 325 84.131795
324 325 510.615599
298 326 84.131795
325 326 123.234307
299 327 84.131795
326 327 18.036922
300 328 84.131795
327 328 439.722468
301 329 84.131795
328 329 52.167430
302 330 84.131795
329 330 160.383810
303 331 84.131795
330 331 56.307105
304 332 84.131795
331 332 18.036922
305 333 84.131795
332 333 491.889898
306 334 84.131795
333 334 160.383810
307 335 84.131795
334 335 214.766390
308 336 115.313149
309 337 115.313149
336 337 325.624055
310 338 115.313149
337 338 181.621457
311 339 115.313149
338 339 726.617736
312 340 115.313149
339 340 77.219816
313 341 115.313149
340 341 28.821923
314 342 115.313149
341 342 614.066527
315 343 115.313149
342 343 41.972681
316 344 115.313149
343 344 528.285227
317 345 115.313149
344 345 91.440448
318 346 115.313149
345 346 64.919379
319 347 115.313149
346 347 41.972681
320 348 115.313149
347 348 619.725676
321 349 115.313149
348 349 837.864403
322 350 115.313149
349 350 113.862949
323 351 115.313149
350 351 510.615599
324 352 115.313149
351 352 216.002136
325 353 115.313149
352 353 510.615599
326 354 115.313149
353 354 123.234307
327 355 115.313149
354 355 18.036922
328 356 115.313149
355 356 439.722468
329 357 115.313149
356 357 52.167430
330 358 115.313149
357 358 160.383810
331 359 115.313149
358 359 56.307105
332 360 115.313149
359 360 18.036922
333 361 115.313149
360 361 491.889898
334 362 115.313149
361 362 160.383810
335 363 115.313149
362 363 214.766390
336 364 923.881265
337 365 923.881265
364 365 325.624055
338 366 923.881265
365 366 181.621457
339 367 923.881265
366 367 726.617736
340 368 923.881265
367 368 77.219816
341 369 923.881265
368 369 28.821923
342 370 923.881265
369 370 614.066527
343 371 923.881265
370 371 41.972681
344 372 923.881265
371 372 528.285227
345 373 923.881265
372 373 91.440448
346 374 923.881265
373 374 64.919379
347 375 923.881265
374 375 41.972681
348 376 923.881265
375 376 619.725676
349 377 923.881265
376 377 837.864403
350 378 923.881265
377 378 113.862949
351 379 923.881265
378 379 510.615599
352 380 923.881265
379 380 216.002136
353 381 923.881265
380 381 510.615599
354 382 923.881265
381 382 123.234307
355 383 923.881265
382 383 18.036922
356 384 923.881265
383 384 439.722468
357 385 923.881265
384 385 52.167430
358 386 923.881265
385 386 160.383810
359 387 923.881265
386 387 56.307105
360 388 923.881265
387 388 18.036922
361 389 923.881265
388 389 491.889898
362 390 923.881265
389 390 160.383810
363 391 923.881265
390 391 214.766390
364 392 189.030943
365 393 189.030943
392 393 325.624055
366 394 189.030943
393 394 181.621457
367 395 189.030943
394 395 2179.853207
368 396 189.030943
395 396 77.219816
369 397 189.030943
396 397 28.821923
370 398 189.030943
397 398 614.066527
371 399 189.030943
398 399 41.972681
372 400 189.030943
399 400 528.285227
373 401 189.030943
400 401 91.440448
374 402 189.030943
401 402 64.919379
375 403 189.030943
402 403 41.972681
376 404 189.030943
403 404 619.725676
377 405 189.030943
404 405 837.864403
378 406 189.030943
405 406 113.862949
379 407 189.030943
406 407 510.615599
380 408 189.030943
407 408 216.002136
381 409 189.030943
408 409 510.615599
382 410 189.030943
409 410 123.234307
383 411 189.030943
410 411 18.036922
384 412 189.030943
411 412 439.722468
385 413 189.030943
412 413 52.167430
386 414 189.030943
413 414 160.383810
387 415 189.030943
414 415 56.307105
388 416 189.030943
415 416 18.036922
389 417 189.030943
416 417 491.889898
390 418 189.030943
417 418 160.383810
391 419 189.030943
418 419 214.766390
392 420 537.586792
393 421 537.586792
420 421 325.624055
394 422 537.586792
421 422 181.621457
395 423 537.586792
422 423 726.617736
396 424 537.586792
423 424 77.219816
397 425 537.586792
424 425 28.821923
398 426 537.586792
425 426 614.066527
399 427 537.586792
426 427 41.972681
400 428 537.586792
427 428 528.285227
401 429 537.586792
428 429 91.440448
402 430 537.586792
429 430 64.919379
403 431 537.586792
430 431 41.972681
404 432 537.586792
431 432 619.725676
405 433 537.586792
432 433 837.864403
406 434 537.586792
433 434 113.862949
407 435 537.586792
434 435 510.615599
408 436 537.586792
435 436 216.002136
409 437 537.586792
436 437 510.615599
410 438 537.586792
437 438 123.234307
411 439 537.586792
438 439 18.036922
412 440 537.586792
439 440 439.722468
413 441 537.586792
440 441 52.167430
414 442 537.586792
441 442 160.383810
415 443 1612.760377
442 443 168.921316
416 444 1612.760377
443 444 54.110765
417 445 1612.760377
444 445 1475.669695
418 446 537.586792
445 446 481.151431
419 447 537.586792
446 447 214.766390
420 448 189.030943
421 449 189.030943
448 449 325.624055
422 450 189.030943
449 450 181.621457
423 451 189.030943
450 451 726.617736
424 452 189.030943
451 452 77.219816
425 453 189.030943
452 453 28.821923
426 454 189.030943
453 454 614.066527
427 455 189.030943
454 455 41.972681
428 456 189.030943
455 456 528.285227
429 457 189.030943
456 457 91.440448
430 458 189.030943
457 458 64.919379
431 459 189.030943
458 459 41.972681
432 460 189.030943
459 460 619.725676
433 461 189.030943
460 461 837.864403
434 462 189.030943
461 462 113.862949
435 463 189.030943
462 463 510.615599
436 464 189.030943
463 464 216.002136
437 465 189.030943
464 465 510.615599
438 466 189.030943
465 466 123.234307
439 467 189.030943
466 467 18.036922
440 468 189.030943
467 468 439.722468
441 469 189.030943
468 469 52.167430
442 470 189.030943
469 470 160.383810
443 471 567.092829
470 471 56.307105
444 472 567.092829
471 472 18.036922
445 473 567.092829
472 473 491.889898
446 474 189.030943
473 474 160.383810
447 475 189.030943
474 475 214.766390
448 476 396.387639
449 477 396.387639
476 477 325.624055
450 478 396.387639
477 478 181.621457
451 479 396.387639
478 479 726.617736
452 480 396.387639
479 480 77.219816
453 481 396.387639
480 481 28.821923
454 482 396.387639
481 482 614.066527
455 483 396.387639
482 483 41.972681
456 484 396.387639
483 484 528.285227
457 485 396.387639
484 485 91.440448
458 486 396.387639
485 486 64.919379
459 487 396.387639
486 487 41.972681
460 488 396.387639
487 488 619.725676
461 489 396.387639
488 489 837.864403
462 490 396.387639
489 490 113.862949
463 491 396.387639
490 491 510.615599
464 492 396.387639
491 492 216.002136
465 493 396.387639
492 493 510.615599
466 494 396.387639
493 494 123.234307
467 495 396.387639
494 495 18.036922
468 496 396.387639
495 496 439.722468
469 497 396.387639
496 497 52.167430
470 498 396.387639
497 498 160.383810
471 499 396.387639
498 499 56.307105
472 500 396.387639
499 500 18.036922
473 501 396.387639
500 501 491.889898
474 502 396.387639
501 502 160.383810
475 503 396.387639
502 503 214.766390
476 504 932.325647
477 505 932.325647
504 505 325.624055
478 506 932.325647
505 506 181.621457
479 507 932.325647
506 507 726.617736
480 508 932.325647
507 508 77.219816
481 509 932.325647
508 509 28.821923
482 510 932.325647
509 510 614.066527
483 511 932.325647
510 511 41.972681
484 512 932.325647
511 512 528.285227
485 513 932.325647
512 513 91.440448
486 514 932.325647
513 514 64.919379
487 515 932.325647
514 515 41.972681
488 516 932.325647
515 516 619.725676
489 517 932.325647
516 517 837.864403
490 518 932.325647
517 518 113.862949
491 519 932.325647
518 519 510.615599
492 520 932.325647
519 520 216.002136
493 521 932.325647
520 521 510.615599
494 522 932.325647
521 522 123.234307
495 523 932.325647
522 523 18.036922
496 524 932.325647
523 524 439.722468
497 525 932.325647
524 525 52.167430
498 526 932.325647
525 526 160.383810
499 527 932.325647
526 527 56.307105
500 528 932.325647
527 528 18.036922
501 529 932.325647
528 529 491.889898
502 530 932.325647
529 530 160.383810
503 531 932.325647
530 531 214.766390
504 532 70.738038
505 533 70.738038
532 533 325.624055
506 534 70.738038
533 534 181.621457
507 535 70.738038
534 535 726.617736
508 536 70.738038
535 536 77.219816
509 537 70.738038
536 537 28.821923
510 538 70.738038
537 538 614.066527
511 539 70.738038
538 539 41.972681
512 540 70.738038
539 540 528.285227
513 541 70.738038
540 541 91.440448
514 542 70.738038
541 542 64.919379
515 543 70.738038
542 543 41.972681
516 544 70.738038
543 544 619.725676
517 545 70.738038
544 545 837.864403
518 546 70.738038
545 546 113.862949
519 547 70.738038
546 547 510.615599
520 548 70.738038
547 548 216.002136
521 549 70.738038
548 549 510.615599
522 550 70.738038
549 550 123.234307
523 551 70.738038
550 551 18.036922
524 552 70.738038
551 552 439.722468
525 553 70.738038
552 553 52.167430
526 554 70.738038
553 554 160.383810
527 555 70.738038
554 555 56.307105
528 556 70.738038
555 556 18.036922
529 557 70.738038
556 557 491.889898
530 558 70.738038
557 558 160.383810
531 559 70.738038
558 559 214.766390
532 560 131.537882
533 561 131.537882
560 561 325.624055
534 562 131.537882
561 562 181.621457
535 563 131.537882
562 563 726.617736
536 564 131.537882
563 564 77.219816
537 565 131.537882
564 565 28.821923
538 566 131.537882
565 566 614.066527
539 567 131.537882
566 567 41.972681
540 568 131.537882
567 568 528.285227
541 569 131.537882
568 569 91.440448
542 570 131.537882
569 570 64.919379
543 571 131.537882
570 571 41.972681
544 572 131.537882
571 572 619.725676
545 573 131.537882
572 573 837.864403
546 574 131.537882
573 574 113.862949
547 575 131.537882
574 575 510.615599
548 576 131.537882
575 576 216.002136
549 577 131.537882
576 577 510.615599
550 578 131.537882
577 578 123.234307
555 583 131.537882
556 584 131.537882
583 584 18.036922
557 585 131.537882
584 585 491.889898
558 586 131.537882
585 586 160.383810
559 587 131.537882
586 587 214.766390
560 588 134.767629
561 589 134.767629
588 589 325.624055
562 590 134.767629
589 590 181.621457
563 591 134.767629
590 591 726.617736
564 592 134.767629
591 592 77.219816
565 593 134.767629
592 593 28.821923
566 594 134.767629
593 594 614.066527
567 595 134.767629
594 595 41.972681
568 596 134.767629
595 596 528.285227
569 597 134.767629
596 597 91.440448
572 600 134.767629
573 601 134.767629
600 601 837.864403
574 602 134.767629
601 602 113.862949
575 603 134.767629
602 603 510.615599
576 604 134.767629
603 604 216.002136
577 605 134.767629
604 605 510.615599
578 606 134.767629
605 606 123.234307
583 611 134.767629
584 612 134.767629
611 612 18.036922
585 613 134.767629
612 613 491.889898
586 614 134.767629
613 614 160.383810
587 615 134.767629
614 615 214.766390
588 616 21.971062
589 617 21.971062
616 617 325.624055
590 618 21.971062
617 618 181.621457
591 619 21.971062
618 619 726.617736
592 620 21.971062
619 620 77.219816
593 621 21.971062
620 621 28.821923
594 622 21.971062
621 622 614.066527
595 623 21.971062
622 623 41.972681
596 624 21.971062
623 624 528.285227
597 625 21.971062
624 625 91.440448
600 628 21.971062
601 629 21.971062
628 629 837.864403
602 630 21.971062
629 630 113.862949
604 632 21.971062
605 633 21.971062
632 633 510.615599
606 634 21.971062
633 634 123.234307
611 639 21.971062
612 640 21.971062
639 640 18.036922
613 641 21.971062
640 641 491.889898
614 642 21.971062
641 642 160.383810
615 643 21.971062
642 643 214.766390
616 644 438.341163
617 645 438.341163
644 645 325.624055
618 646 438.341163
645 646 181.621457
619 647 438.341163
646 647 726.617736
620 648 438.341163
647 648 77.219816
621 649 438.341163
648 649 28.821923
622 650 438.341163
649 650 614.066527
623 651 438.341163
650 651 41.972681
624 652 438.341163
651 652 528.285227
625 653 438.341163
652 653 91.440448
628 656 438.341163
629 657 438.341163
656 657 837.864403
630 658 438.341163
657 658 113.862949
632 660 438.341163
633 661 438.341163
660 661 510.615599
634 662 438.341163
661 662 123.234307
662 663 18.036922
663 664 439.722468
664 665 52.167430
665 666 160.383810
639 667 438.341163
666 667 56.307105
640 668 438.341163
667 668 18.036922
641 669 438.341163
668 669 491.889898
642 670 438.341163
669 670 160.383810
643 671 438.341163
670 671 214.766390
644 672 131.537882
645 673 131.537882
672 673 325.624055
646 674 131.537882
673 674 181.621457
647 675 131.537882
674 675 726.617736
648 676 131.537882
675 676 77.219816
649 677 131.537882
676 677 28.821923
650 678 131.537882
677 678 614.066527
651 679 131.537882
678 679 41.972681
652 680 131.537882
679 680 528.285227
653 681 131.537882
680 681 91.440448
681 682 64.919379
682 683 41.972681
656 684 131.537882
683 684 619.725676
657 685 131.537882
684 685 837.864403
658 686 131.537882
685 686 113.862949
660 688 131.537882
661 689 131.537882
688 689 510.615599
662 690 131.537882
689 690 123.234307
663 691 131.537882
690 691 18.036922
664 692 131.537882
691 692 439.722468
665 693 131.537882
692 693 52.167430
666 694 131.537882
693 694 160.383810
667 695 131.537882
694 695 56.307105
668 696 131.537882
695 696 18.036922
669 697 131.537882
696 697 491.889898
670 698 131.537882
697 698 160.383810
671 699 131.537882
698 699 214.766390
672 700 134.767629
673 701 134.767629
700 701 325.624055
674 702 134.767629
701 702 181.621457
675 703 134.767629
702 703 726.617736
676 704 134.767629
703 704 77.219816
677 705 134.767629
704 705 28.821923
678 706 134.767629
705 706 614.066527
679 707 134.767629
706 707 41.972681
680 708 134.767629
707 708 528.285227
681 709 134.767629
708 709 91.440448
682 710 134.767629
709 710 64.919379
683 711 134.767629
710 711 41.972681
684 712 134.767629
711 712 619.725676
685 713 134.767629
712 713 837.864403
686 714 134.767629
713 714 113.862949
714 715 510.615599
688 716 134.767629
715 716 216.002136
689 717 134.767629
716 717 510.615599
690 718 134.767629
717 718 123.234307
691 719 134.767629
718 719 18.036922
692 720 134.767629
719 720 439.722468
693 721 134.767629
720 721 52.167430
694 722 134.767629
721 722 160.383810
695 723 134.767629
722 723 56.307105
696 724 134.767629
723 724 18.036922
697 725 134.767629
724 725 491.889898
698 726 134.767629
725 726 160.383810
699 727 134.767629
726 727 214.766390
700 728 37.581307
701 729 37.581307
728 729 325.624055
702 730 37.581307
729 730 181.621457
703 731 37.581307
730 731 726.617736
704 732 37.581307
731 732 77.219816
705 733 37.581307
732 733 28.821923
706 734 37.581307
733 734 614.066527
707 735 37.581307
734 735 41.972681
708 736 37.581307
735 736 528.285227
709 737 37.581307
736 737 91.440448
710 738 37.581307
737 738 64.919379
711 739 37.581307
738 739 41.972681
712 740 37.581307
739 740 619.725676
713 741 37.581307
740 741 837.864403
714 742 37.581307
741 742 113.862949
715 743 37.581307
742 743 510.615599
716 744 37.581307
743 744 216.002136
717 745 37.581307
744 745 510.615599
718 746 37.581307
745 746 123.234307
719 747 37.581307
746 747 18.036922
720 748 37.581307
747 748 439.722468
721 749 37.581307
748 749 52.167430
722 750 37.581307
749 750 160.383810
723 751 37.581307
750 751 56.307105
724 752 37.581307
751 752 18.036922
725 753 37.581307
752 753 491.889898
726 754 37.581307
753 754 160.383810
727 755 37.581307
754 755 214.766390
728 756 43.697099
729 757 43.697099
756 757 325.624055
730 758 43.697099
757 758 181.621457
731 759 43.697099
758 759 726.617736
732 760 43.697099
759 760 77.219816
733 761 43.697099
760 761 28.821923
734 762 43.697099
761 762 614.066527
735 763 43.697099
762 763 41.972681
736 764 43.697099
763 764 528.285227
737 765 43.697099
764 765 91.440448
738 766 43.697099
765 766 64.919379
739 767 43.697099
766 767 41.972681
740 768 43.697099
767 768 619.725676
741 769 43.697099
768 769 837.864403
742 770 43.697099
769 770 113.862949
743 771 43.697099
770 771 510.615599
744 772 43.697099
771 772 216.002136
745 773 43.697099
772 773 510.615599
746 774 43.697099
773 774 123.234307
747 775 43.697099
774 775 18.036922
748 776 43.697099
775 776 439.722468
749 777 43.697099
776 777 52.167430
750 778 43.697099
777 778 160.383810
751 779 43.697099
778 779 56.307105
752 780 43.697099
779 780 18.036922
753 781 43.697099
780 781 491.889898
754 782 43.697099
781 782 160.383810
755 783 43.697099
782 783 214.766390
784 785 325.624055
785 786 181.621457
786 787 726.617736
787 788 77.219816
788 789 28.821923
789 790 614.066527
790 791 41.972681
791 792 528.285227
792 793 91.440448
793 794 64.919379
794 795 41.972681
795 796 619.725676
796 797 837.864403
797 798 113.862949
798 799 510.615599
799 800 216.002136
800 801 510.615599
801 802 123.234307
802 803 18.036922
803 804 439.722468
804 805 52.167430
805 806 160.383810
806 807 56.307105
807 808 18.036922
808 809 491.889898
809 810 160.383810
810 811 214.766390
784 812 1202.491737
785 813 1202.491737
812 813 325.624055
786 814 1202.491737
813 814 181.621457
787 815 1202.491737
814 815 726.617736
788 816 1202.491737
815 816 77.219816
789 817 1202.491737
816 817 28.821923
790 818 1202.491737
817 818 614.066527
791 819 1202.491737
818 819 41.972681
792 820 1202.491737
819 820 528.285227
793 821 1202.491737
820 821 91.440448
794 822 1202.491737
821 822 64.919379
795 823 1202.491737
822 823 41.972681
796 824 1202.491737
823 824 619.725676
797 825 1202.491737
824 825 837.864403
798 826 1202.491737
825 826 113.862949
799 827 1202.491737
826 827 510.615599
800 828 1202.491737
827 828 216.002136
801 829 1202.491737
828 829 510.615599
802 830 1202.491737
829 830 123.234307
803 831 1202.491737
830 831 18.036922
804 832 1202.491737
831 832 439.722468
805 833 1202.491737
832 833 52.167430
806 834 1202.491737
833 834 160.383810
807 835 1202.491737
834 835 56.307105
808 836 1202.491737
835 836 18.036922
809 837 1202.491737
836 837 491.889898
810 838 1202.491737
837 838 160.383810
811 839 1202.491737
838 839 214.766390
812 840 465.359958
813 841 465.359958
840 841 325.624055
814 842 465.359958
841 842 181.621457
815 843 465.359958
842 843 726.617736
816 844 465.359958
843 844 77.219816
817 845 465.359958
844 845 28.821923
818 846 465.359958
845 846 614.066527
819 847 465.359958
846 847 41.972681
820 848 465.359958
847 848 528.285227
821 849 465.359958
848 849 91.440448
822 850 465.359958
849 850 64.919379
823 851 465.359958
850 851 41.972681
824 852 465.359958
851 852 619.725676
825 853 465.359958
852 853 837.864403
826 854 465.359958
853 854 113.862949
827 855 465.359958
854 855 510.615599
828 856 465.359958
855 856 216.002136
829 857 465.359958
856 857 510.615599
830 858 465.359958
857 858 123.234307
831 859 465.359958
858 859 18.036922
832 860 465.359958
859 860 439.722468
833 861 465.359958
860 861 52.167430
837 865 465.359958
838 866 465.359958
865 866 160.383810
839 867 465.359958
866 867 214.766390
840 868 111.892114
841 869 111.892114
868 869 325.624055
842 870 111.892114
869 870 181.621457
843 871 111.892114
870 871 726.617736
844 872 111.892114
871 872 77.219816
845 873 111.892114
872 873 28.821923
846 874 111.892114
873 874 614.066527
847 875 111.892114
874 875 41.972681
848 876 111.892114
875 876 528.285227
849 877 111.892114
876 877 91.440448
850 878 111.892114
877 878 64.919379
851 879 111.892114
878 879 41.972681
852 880 111.892114
879 880 619.725676
853 881 111.892114
880 881 837.864403
854 882 111.892114
881 882 113.862949
855 883 111.892114
882 883 510.615599
856 884 111.892114
883 884 216.002136
857 885 111.892114
884 885 510.615599
858 886 111.892114
885 886 123.234307
859 887 111.892114
886 887 18.036922
865 893 111.892114
866 894 111.892114
893 894 160.383810
867 895 111.892114
894 895 214.766390
868 896 149.365664
869 897 149.365664
896 897 325.624055
870 898 149.365664
897 898 181.621457
871 899 149.365664
898 899 726.617736
872 900 149.365664
899 900 77.219816
873 901 149.365664
900 901 28.821923
874 902 149.365664
901 902 614.066527
875 903 149.365664
902 903 41.972681
876 904 149.365664
903 904 528.285227
877 905 149.365664
904 905 91.440448
878 906 149.365664
905 906 64.919379
879 907 149.365664
906 907 41.972681
880 908 149.365664
907 908 619.725676
881 909 149.365664
908 909 837.864403
882 910 149.365664
909 910 113.862949
883 911 149.365664
910 911 510.615599
884 912 448.096991
911 912 648.006409
885 913 149.365664
912 913 1531.846798
886 914 149.365664
913 914 123.234307
887 915 149.365664
914 915 18.036922
893 921 149.365664
920 921 491.889898
894 922 149.365664
921 922 160.383810
895 923 149.365664
922 923 214.766390
896 924 297.567042
897 925 297.567042
924 925 325.624055
898 926 297.567042
925 926 181.621457
899 927 297.567042
926 927 726.617736
900 928 297.567042
927 928 77.219816
901 929 297.567042
928 929 28.821923
902 930 297.567042
929 930 614.066527
903 931 297.567042
930 931 41.972681
904 932 297.567042
931 932 528.285227
905 933 297.567042
932 933 91.440448
906 934 297.567042
933 934 64.919379
907 935 297.567042
934 935 41.972681
908 936 297.567042
935 936 619.725676
909 937 297.567042
936 937 837.864403
910 938 297.567042
937 938 113.862949
911 939 297.567042
938 939 510.615599
912 940 892.701125
939 940 648.006409
913 941 297.567042
940 941 1531.846798
914 942 297.567042
941 942 123.234307
915 943 297.567042
942 943 18.036922
920 948 297.567042
921 949 297.567042
948 949 491.889898
922 950 297.567042
949 950 160.383810
923 951 297.567042
950 951 214.766390
924 952 167.792916
925 953 167.792916
952 953 325.624055
926 954 167.792916
953 954 181.621457
927 955 167.792916
954 955 726.617736
928 956 167.792916
955 956 77.219816
929 957 167.792916
956 957 28.821923
930 958 167.792916
957 958 614.066527
931 959 167.792916
958 959 41.972681
932 960 167.792916
959 960 528.285227
933 961 167.792916
960 961 91.440448
934 962 167.792916
961 962 64.919379
935 963 167.792916
962 963 41.972681
936 964 167.792916
963 964 619.725676
937 965 167.792916
964 965 837.864403
938 966 167.792916
965 966 113.862949
939 967 167.792916
966 967 510.615599
940 968 503.378748
967 968 648.006409
941 969 167.792916
968 969 1531.846798
942 970 167.792916
969 970 123.234307
943 971 167.792916
970 971 18.036922
971 972 439.722468
972 973 52.167430
973 974 160.383810
974 975 56.307105
948 976 167.792916
975 976 18.036922
949 977 167.792916
976 977 491.889898
950 978 167.792916
977 978 160.383810
951 979 167.792916
978 979 214.766390
952 980 111.892114
953 981 111.892114
980 981 325.624055
954 982 111.892114
981 982 181.621457
955 983 111.892114
982 983 726.617736
956 984 111.892114
983 984 77.219816
957 985 111.892114
984 985 28.821923
958 986 111.892114
985 986 614.066527
959 987 111.892114
986 987 41.972681
960 988 111.892114
987 988 528.285227
961 989 111.892114
988 989 91.440448
962 990 111.892114
989 990 64.919379
963 991 111.892114
990 991 41.972681
964 992 111.892114
991 992 619.725676
965 993 111.892114
992 993 837.864403
966 994 111.892114
993 994 113.862949
967 995 111.892114
994 995 510.615599
968 996 335.676342
995 996 216.002136
969 997 111.892114
996 997 510.615599
970 998 111.892114
997 998 123.234307
971 999 111.892114
998 999 18.036922
972 1000 111.892114
999 1000 439.722468
973 1001 111.892114
1000 1001 52.167430
974 1002 111.892114
1001 1002 160.383810
975 1003 111.892114
1002 1003 56.307105
976 1004 111.892114
1003 1004 18.036922
977 1005 111.892114
1004 1005 491.889898
978 1006 111.892114
1005 1006 160.383810
979 1007 111.892114
1006 1007 214.766390
980 1008 325.303888
981 1009 325.303888
1008 1009 325.624055
982 1010 325.303888
1009 1010 181.621457
983 1011 325.303888
1010 1011 726.617736
984 1012 325.303888
1011 1012 77.219816
985 1013 325.303888
1012 1013 28.821923
986 1014 325.303888
1013 1014 614.066527
987 1015 325.303888
1014 1015 41.972681
988 1016 325.303888
1015 1016 528.285227
989 1017 325.303888
1016 1017 91.440448
990 1018 325.303888
1017 1018 64.919379
991 1019 325.303888
1018 1019 41.972681
992 1020 325.303888
1019 1020 619.725676
993 1021 325.303888
1020 1021 837.864403
994 1022 325.303888
1021 1022 113.862949
995 1023 325.303888
1022 1023 510.615599
996 1024 325.303888
1023 1024 216.002136
997 1025 325.303888
1024 1025 510.615599
998 1026 325.303888
1025 1026 123.234307
999 1027 325.303888
1026 1027 18.036922
1000 1028 325.303888
1027 1028 439.722468
1001 1029 325.303888
1028 1029 52.167430
1002 1030 325.303888
1029 1030 160.383810
1003 1031 325.303888
1030 1031 56.307105
1004 1032 325.303888
1031 1032 18.036922
1005 1033 325.303888
1032 1033 491.889898
1006 1034 325.303888
1033 1034 160.383810
1007 1035 325.303888
1034 1035 214.766390
1008 1036 84.131795
1009 1037 84.131795
1036 1037 325.624055
1010 1038 84.131795
1037 1038 181.621457
1011 1039 84.131795
1038 1039 726.617736
1012 1040 84.131795
1039 1040 77.219816
1013 1041 84.131795
1040 1041 28.821923
1014 1042 84.131795
1041 1042 614.066527
1015 1043 84.131795
1042 1043 41.972681
1016 1044 252.395386
1043 1044 1584.855682
1017 1045 252.395386
1044 1045 274.321345
1018 1046 252.395386
1045 1046 194.758136
1019 1047 84.131795
1046 1047 125.918043
1020 1048 84.131795
1047 1048 619.725676
1021 1049 84.131795
1048 1049 837.864403
1022 1050 84.131795
1049 1050 113.862949
1023 1051 84.131795
1050 1051 510.615599
1024 1052 84.131795
1051 1052 216.002136
1025 1053 84.131795
1052 1053 510.615599
1026 1054 84.131795
1053 1054 123.234307
1027 1055 84.131795
1054 1055 18.036922
1028 1056 84.131795
1055 1056 439.722468
1029 1057 84.131795
1056 1057 52.167430
1030 1058 84.131795
1057 1058 160.383810
1031 1059 84.131795
1058 1059 56.307105
1032 1060 84.131795
1059 1060 18.036922
1033 1061 84.131795
1060 1061 491.889898
1034 1062 84.131795
1061 1062 160.383810
1035 1063 84.131795
1062 1063 214.766390
1036 1064 642.485940
1037 1065 642.485940
1064 1065 325.624055
1038 1066 642.485940
1065 1066 181.621457
1039 1067 642.485940
1066 1067 726.617736
1040 1068 642.485940
1067 1068 77.219816
1041 1069 642.485940
1068 1069 28.821923
1042 1070 642.485940
1069 1070 614.066527
1043 1071 1927.457821
1070 1071 125.918043
1044 1072 1927.457821
1071 1072 1584.855682
1045 1073 1927.457821
1072 1073 274.321345
1046 1074 1927.457821
1073 1074 194.758136
1047 1075 642.485940
1074 1075 41.972681
1048 1076 642.485940
1075 1076 619.725676
1049 1077 642.485940
1076 1077 837.864403
1050 1078 642.485940
1077 1078 113.862949
1051 1079 642.485940
1078 1079 510.615599
1052 1080 642.485940
1079 1080 216.002136
1053 1081 642.485940
1080 1081 510.615599
1054 1082 642.485940
1081 1082 123.234307
1055 1083 642.485940
1082 1083 18.036922
1056 1084 642.485940
1083 1084 439.722468
1057 1085 642.485940
1084 1085 52.167430
1058 1086 642.485940
1085 1086 160.383810
1059 1087 642.485940
1086 1087 56.307105
1060 1088 642.485940
1087 1088 18.036922
1061 1089 642.485940
1088 1089 491.889898
1062 1090 642.485940
1089 1090 160.383810
1063 1091 642.485940
1090 1091 214.766390
1064 1092 84.131795
1065 1093 84.131795
1092 1093 325.624055
1066 1094 84.131795
1093 1094 181.621457
1067 1095 84.131795
1094 1095 726.617736
1068 1096 84.131795
1095 1096 77.219816
1069 1097 84.131795
1096 1097 28.821923
1070 1098 84.131795
1097 1098 614.066527
1071 1099 252.395386
1098 1099 41.972681
1072 1100 252.395386
1099 1100 528.285227
1073 1101 252.395386
1100 1101 91.440448
1074 1102 84.131795
1101 1102 64.919379
1075 1103 84.131795
1102 1103 41.972681
1076 1104 84.131795
1103 1104 619.725676
1077 1105 84.131795
1104 1105 837.864403
1078 1106 84.131795
1105 1106 113.862949
1079 1107 84.131795
1106 1107 510.615599
1080 1108 84.131795
1107 1108 216.002136
1081 1109 84.131795
1108 1109 510.615599
1082 1110 84.131795
1109 1110 123.234307
1083 1111 84.131795
1110 1111 18.036922
1084 1112 84.131795
1111 1112 439.722468
1085 1113 84.131795
1112 1113 52.167430
1086 1114 84.131795
1113 1114 160.383810
1087 1115 84.131795
1114 1115 56.307105
1088 1116 84.131795
1115 1116 18.036922
1089 1117 84.131795
1116 1117 491.889898
1090 1118 84.131795
1117 1118 160.383810
1091 1119 84.131795
1118 1119 214.766390
1092 1120 115.313149
1093 1121 115.313149
1120 1121 325.624055
1094 1122 115.313149
1121 1122 181.621457
1095 1123 115.313149
1122 1123 726.617736
1096 1124 115.313149
1123 1124 77.219816
1097 1125 115.313149
1124 1125 28.821923
1098 1126 115.313149
1125 1126 614.066527
1099 1127 115.313149
1126 1127 41.972681
1100 1128 115.313149
1127 1128 528.285227
1101 1129 115.313149
1128 1129 91.440448
1102 1130 115.313149
1129 1130 64.919379
1103 1131 115.313149
1130 1131 41.972681
1104 1132 115.313149
1131 1132 619.725676
1105 1133 115.313149
1132 1133 837.864403
1106 1134 115.313149
1133 1134 113.862949
1107 1135 115.313149
1134 1135 510.615599
1108 1136 115.313149
1135 1136 216.002136
1109 1137 115.313149
1136 1137 510.615599
1110 1138 115.313149
1137 1138 123.234307
1111 1139 115.313149
1138 1139 18.036922
1112 1140 115.313149
1139 1140 439.722468
1113 1141 115.313149
1140 1141 52.167430
1114 1142 115.313149
1141 1142 160.383810
1115 1143 115.313149
1142 1143 56.307105
1116 1144 115.313149
1143 1144 18.036922
1117 1145 115.313149
1144 1145 491.889898
1118 1146 115.313149
1145 1146 160.383810
1119 1147 115.313149
1146 1147 214.766390
1120 1148 923.881265
1121 1149 923.881265
1148 1149 325.624055
1122 1150 923.881265
1149 1150 181.621457
1123 1151 923.881265
1150 1151 726.617736
1124 1152 923.881265
1151 1152 77.219816
1125 1153 923.881265
1152 1153 28.821923
1126 1154 923.881265
1153 1154 614.066527
1127 1155 923.881265
1154 1155 41.972681
1128 1156 923.881265
1155 1156 528.285227
1129 1157 923.881265
1156 1157 91.440448
1130 1158 923.881265
1157 1158 64.919379
1131 1159 923.881265
1158 1159 41.972681
1132 1160 923.881265
1159 1160 619.725676
1133 1161 923.881265
1160 1161 837.864403
1134 1162 923.881265
1161 1162 113.862949
1135 1163 923.881265
1162 1163 510.615599
1136 1164 923.881265
1163 1164 216.002136
1137 1165 923.881265
1164 1165 510.615599
1138 1166 923.881265
1165 1166 123.234307
1139 1167 923.881265
1166 1167 18.036922
1140 1168 923.881265
1167 1168 439.722468
1141 1169 923.881265
1168 1169 52.167430
1142 1170 923.881265
1169 1170 160.383810
1143 1171 923.881265
1170 1171 56.307105
1144 1172 923.881265
1171 1172 18.036922
1145 1173 923.881265
1172 1173 491.889898
1146 1174 923.881265
1173 1174 160.383810
1147 1175 923.881265
1174 1175 214.766390
1148 1176 189.030943
1149 1177 189.030943
1176 1177 325.624055
1150 1178 189.030943
1177 1178 181.621457
1151 1179 189.030943
1178 1179 2179.853207
1152 1180 189.030943
1179 1180 77.219816
1153 1181 189.030943
1180 1181 28.821923
1154 1182 189.030943
1181 1182 614.066527
1155 1183 189.030943
1182 1183 41.972681
1156 1184 189.030943
1183 1184 528.285227
1157 1185 189.030943
1184 1185 91.440448
1158 1186 189.030943
1185 1186 64.919379
1159 1187 189.030943
1186 1187 41.972681
1160 1188 189.030943
1187 1188 619.725676
1161 1189 189.030943
1188 1189 837.864403
1162 1190 189.030943
1189 1190 113.862949
1163 1191 189.030943
1190 1191 510.615599
1164 1192 189.030943
1191 1192 216.002136
1165 1193 189.030943
1192 1193 510.615599
1166 1194 189.030943
1193 1194 123.234307
1167 1195 189.030943
1194 1195 18.036922
1168 1196 189.030943
1195 1196 439.722468
1169 1197 189.030943
1196 1197 52.167430
1170 1198 189.030943
1197 1198 160.383810
1171 1199 189.030943
1198 1199 56.307105
1172 1200 189.030943
1199 1200 18.036922
1173 1201 189.030943
1200 1201 491.889898
1174 1202 189.030943
1201 1202 160.383810
1175 1203 189.030943
1202 1203 214.766390
1176 1204 537.586792
1177 1205 537.586792
1204 1205 325.624055
1178 1206 537.586792
1205 1206 181.621457
1179 1207 537.586792
1206 1207 726.617736
1180 1208 537.586792
1207 1208 77.219816
1181 1209 537.586792
1208 1209 28.821923
1182 1210 537.586792
1209 1210 614.066527
1183 1211 537.586792
1210 1211 41.972681
1184 1212 537.586792
1211 1212 528.285227
1185 1213 537.586792
1212 1213 91.440448
1186 1214 537.586792
1213 1214 64.919379
1187 1215 537.586792
1214 1215 41.972681
1188 1216 537.586792
1215 1216 619.725676
1189 1217 537.586792
1216 1217 837.864403
1190 1218 537.586792
1217 1218 113.862949
1191 1219 537.586792
1218 1219 510.615599
1192 1220 537.586792
1219 1220 216.002136
1193 1221 537.586792
1220 1221 510.615599
1194 1222 537.586792
1221 1222 123.234307
1195 1223 537.586792
1222 1223 18.036922
1196 1224 537.586792
1223 1224 439.722468
1197 1225 537.586792
1224 1225 52.167430
1198 1226 537.586792
1225 1226 160.383810
1199 1227 1612.760377
1226 1227 168.921316
1200 1228 1612.760377
1227 1228 54.110765
1201 1229 1612.760377
1228 1229 1475.669695
1202 1230 537.586792
1229 1230 481.151431
1203 1231 537.586792
1230 1231 214.766390
1204 1232 189.030943
1205 1233 189.030943
1232 1233 325.624055
1206 1234 189.030943
1233 1234 181.621457
1207 1235 189.030943
1234 1235 726.617736
1208 1236 189.030943
1235 1236 77.219816
1209 1237 189.030943
1236 1237 28.821923
1210 1238 189.030943
1237 1238 614.066527
1211 1239 189.030943
1238 1239 41.972681
1212 1240 189.030943
1239 1240 528.285227
1213 1241 189.030943
1240 1241 91.440448
1214 1242 189.030943
1241 1242 64.919379
1215 1243 189.030943
1242 1243 41.972681
1216 1244 189.030943
1243 1244 619.725676
1217 1245 189.030943
1244 1245 837.864403
1218 1246 189.030943
1245 1246 113.862949
1219 1247 189.030943
1246 1247 510.615599
1220 1248 189.030943
1247 1248 216.002136
1221 1249 189.030943
1248 1249 510.615599
1222 1250 189.030943
1249 1250 123.234307
1223 1251 189.030943
1250 1251 18.036922
1224 1252 189.030943
1251 1252 439.722468
1225 1253 189.030943
1252 1253 52.167430
1226 1254 189.030943
1253 1254 160.383810
1227 1255 567.092829
1254 1255 56.307105
1228 1256 567.092829
1255 1256 18.036922
1229 1257 567.092829
1256 1257 491.889898
1230 1258 189.030943
1257 1258 160.383810
1231 1259 189.030943
1258 1259 214.766390
1232 1260 396.387639
1233 1261 396.387639
1260 1261 325.624055
1234 1262 396.387639
1261 1262 181.621457
1235 1263 396.387639
1262 1263 726.617736
1236 1264 396.387639
1263 1264 77.219816
1237 1265 396.387639
1264 1265 28.821923
1238 1266 396.387639
1265 1266 614.066527
1239 1267 396.387639
1266 1267 41.972681
1240 1268 396.387639
1267 1268 528.285227
1241 1269 396.387639
1268 1269 91.440448
1242 1270 396.387639
1269 1270 64.919379
1243 1271 396.387639
1270 1271 41.972681
1244 1272 396.387639
1271 1272 619.725676
1245 1273 396.387639
1272 1273 837.864403
1246 1274 396.387639
1273 1274 113.862949
1247 1275 396.387639
1274 1275 510.615599
1248 1276 396.387639
1275 1276 216.002136
1249 1277 396.387639
1276 1277 510.615599
1250 1278 396.387639
1277 1278 123.234307
1251 1279 396.387639
1278 1279 18.036922
1252 1280 396.387639
1279 1280 439.722468
1253 1281 396.387639
1280 1281 52.167430
1254 1282 396.387639
1281 1282 160.383810
1255 1283 396.387639
1282 1283 56.307105
1256 1284 396.387639
1283 1284 18.036922
1257 1285 396.387639
1284 1285 491.889898
1258 1286 396.387639
1285 1286 160.383810
1259 1287 396.387639
1286 1287 214.766390
1260 1288 932.325647
1261 1289 932.325647
1288 1289 325.624055
1262 1290 932.325647
1289 1290 181.621457
1263 1291 932.325647
1290 1291 726.617736
1264 1292 932.325647
1291 1292 77.219816
1265 1293 932.325647
1292 1293 28.821923
1266 1294 932.325647
1293 1294 614.066527
1267 1295 932.325647
1294 1295 41.972681
1268 1296 932.325647
1295 1296 528.285227
1269 1297 932.325647
1296 1297 91.440448
1270 1298 932.325647
1297 1298 64.919379
1271 1299 932.325647
1298 1299 41.972681
1272 1300 932.325647
1299 1300 619.725676
1273 1301 932.325647
1300 1301 837.864403
1274 1302 932.325647
1301 1302 113.862949
1275 1303 932.325647
1302 1303 510.615599
1276 1304 932.325647
1303 1304 216.002136
1277 1305 932.325647
1304 1305 510.615599
1278 1306 932.325647
1305 1306 123.234307
1279 1307 932.325647
1306 1307 18.036922
1280 1308 932.325647
1307 1308 439.722468
1281 1309 932.325647
1308 1309 52.167430
1282 1310 932.325647
1309 1310 160.383810
1283 1311 932.325647
1310 1311 56.307105
1284 1312 932.325647
1311 1312 18.036922
1285 1313 932.325647
1312 1313 491.889898
1286 1314 932.325647
1313 1314 160.383810
1287 1315 932.325647
1314 1315 214.766390
1288 1316 70.738038
1289 1317 70.738038
1316 1317 325.624055
1290 1318 70.738038
1317 1318 181.621457
1291 1319 70.738038
1318 1319 726.617736
1292 1320 70.738038
1319 1320 77.219816
1293 1321 70.738038
1320 1321 28.821923
1294 1322 70.738038
1321 1322 614.066527
1295 1323 70.738038
1322 1323 41.972681
1296 1324 70.738038
1323 1324 528.285227
1297 1325 70.738038
1324 1325 91.440448
1298 1326 70.738038
1325 1326 64.919379
1299 1327 70.738038
1326 1327 41.972681
1300 1328 70.738038
1327 1328 619.725676
1301 1329 70.738038
1328 1329 837.864403
1302 1330 70.738038
1329 1330 113.862949
1303 1331 70.738038
1330 1331 510.615599
1304 1332 70.738038
1331 1332 216.002136
1305 1333 70.738038
1332 1333 510.615599
1306 1334 70.738038
1333 1334 123.234307
1307 1335 70.738038
1334 1335 18.036922
1308 1336 70.738038
1335 1336 439.722468
1309 1337 70.738038
1336 1337 52.167430
1310 1338 70.738038
1337 1338 160.383810
1311 1339 70.738038
1338 1339 56.307105
1312 1340 70.738038
1339 1340 18.036922
1313 1341 70.738038
1340 1341 491.889898
1314 1342 70.738038
1341 1342 160.383810
1315 1343 70.738038
1342 1343 214.766390
1316 1344 131.537882
1317 1345 131.537882
1344 1345 325.624055
1318 1346 131.537882
1345 1346 181.621457
1319 1347 131.537882
1346 1347 726.617736
1320 1348 131.537882
1347 1348 77.219816
1321 1349 131.537882
1348 1349 28.821923
1322 1350 131.537882
1349 1350 614.066527
1323 1351 131.537882
1350 1351 41.972681
1324 1352 131.537882
1351 1352 528.285227
1325 1353 131.537882
1352 1353 91.440448
1326 1354 131.537882
1353 1354 64.919379
1327 1355 131.537882
1354 1355 41.972681
1328 1356 131.537882
1355 1356 619.725676
1329 1357 131.537882
1356 1357 837.864403
1330 1358 131.537882
1357 1358 113.862949
1331 1359 131.537882
1358 1359 510.615599
1332 1360 131.537882
1359 1360 216.002136
1333 1361 131.537882
1360 1361 510.615599
1334 1362 131.537882
1361 1362 123.234307
1339 1367 131.537882
1340 1368 131.537882
1367 1368 18.036922
1341 1369 131.537882
1368 1369 491.889898
1342 1370 131.537882
1369 1370 160.383810
1343 1371 131.537882
1370 1371 214.766390
1344 1372 134.767629
1345 1373 134.767629
1372 1373 325.624055
1346 1374 134.767629
1373 1374 181.621457
1347 1375 134.767629
1374 1375 726.617736
1348 1376 134.767629
1375 1376 77.219816
1349 1377 134.767629
1376 1377 28.821923
1350 1378 134.767629
1377 1378 614.066527
1351 1379 134.767629
1378 1379 41.972681
1352 1380 134.767629
1379 1380 528.285227
1353 1381 134.767629
1380 1381 91.440448
1356 1384 134.767629
1357 1385 134.767629
1384 1385 837.864403
1358 1386 134.767629
1385 1386 113.862949
1359 1387 134.767629
1386 1387 510.615599
1360 1388 134.767629
1387 1388 216.002136
1361 1389 134.767629
1388 1389 510.615599
1362 1390 134.767629
1389 1390 123.234307
1367 1395 134.767629
1368 1396 134.767629
1395 1396 18.036922
1369 1397 134.767629
1396 1397 491.889898
1370 1398 134.767629
1397 1398 160.383810
1371 1399 134.767629
1398 1399 214.766390
1372 1400 21.971062
1373 1401 21.971062
1400 1401 325.624055
1374 1402 21.971062
1401 1402 181.621457
1375 1403 21.971062
1402 1403 726.617736
1376 1404 21.971062
1403 1404 77.219816
1377 1405 21.971062
1404 1405 28.821923
1378 1406 21.971062
1405 1406 614.066527
1379 1407 21.971062
1406 1407 41.972681
1380 1408 21.971062
1407 1408 528.285227
1381 1409 21.971062
1408 1409 91.440448
1384 1412 21.971062
1385 1413 21.971062
1412 1413 837.864403
1386 1414 21.971062
1413 1414 113.862949
1388 1416 21.971062
1389 1417 21.971062
1416 1417 510.615599
1390 1418 21.971062
1417 1418 123.234307
1395 1423 21.971062
1396 1424 21.971062
1423 1424 18.036922
1397 1425 21.971062
1424 1425 491.889898
1398 1426 21.971062
1425 1426 160.383810
1399 1427 21.971062
1426 1427 214.766390
1400 1428 438.341163
1401 1429 438.341163
1428 1429 325.624055
1402 1430 438.341163
1429 1430 181.621457
1403 1431 438.341163
1430 1431 726.617736
1404 1432 438.341163
1431 1432 77.219816
1405 1433 438.341163
1432 1433 28.821923
1406 1434 438.341163
1433 1434 614.066527
1407 1435 438.341163
1434 1435 41.972681
1408 1436 438.341163
1435 1436 528.285227
1409 1437 438.341163
1436 1437 91.440448
1412 1440 438.341163
1413 1441 438.341163
1440 1441 837.864403
1414 1442 438.341163
1441 1442 113.862949
1416 1444 438.341163
1417 1445 438.341163
1444 1445 510.615599
1418 1446 438.341163
1445 1446 123.234307
1446 1447 18.036922
1447 1448 439.722468
1448 1449 52.167430
1449 1450 160.383810
1423 1451 438.341163
1450 1451 56.307105
1424 1452 438.341163
1451 1452 18.036922
1425 1453 438.341163
1452 1453 491.889898
1426 1454 438.341163
1453 1454 160.383810
1427 1455 438.341163
1454 1455 214.766390
1428 1456 131.537882
1429 1457 131.537882
1456 1457 325.624055
1430 1458 131.537882
1457 1458 181.621457
1431 1459 131.537882
1458 1459 726.617736
1432 1460 131.537882
1459 1460 77.219816
1433 1461 131.537882
1460 1461 28.821923
1434 1462 131.537882
1461 1462 614.066527
1435 1463 131.537882
1462 1463 41.972681
1436 1464 131.537882
1463 1464 528.285227
1437 1465 131.537882
1464 1465 91.440448
1465 1466 64.919379
1466 1467 41.972681
1440 1468 131.537882
1467 1468 619.725676
1441 1469 131.537882
1468 1469 837.864403
1442 1470 131.537882
1469 1470 113.862949
1444 1472 131.537882
1445 1473 131.537882
1472 1473 510.615599
1446 1474 131.537882
1473 1474 123.234307
1447 1475 131.537882
1474 1475 18.036922
1448 1476 131.537882
1475 1476 439.722468
1449 1477 131.537882
1476 1477 52.167430
1450 1478 131.537882
1477 1478 160.383810
1451 1479 131.537882
1478 1479 56.307105
1452 1480 131.537882
1479 1480 18.036922
1453 1481 131.537882
1480 1481 491.889898
1454 1482 131.537882
1481 1482 160.383810
1455 1483 131.537882
1482 1483 214.766390
1456 1484 134.767629
1457 1485 134.767629
1484 1485 325.624055
1458 1486 134.767629
1485 1486 181.621457
1459 1487 134.767629
1486 1487 726.617736
1460 1488 134.767629
1487 1488 77.219816
1461 1489 134.767629
1488 1489 28.821923
1462 1490 134.767629
1489 1490 614.066527
1463 1491 134.767629
1490 1491 41.972681
1464 1492 134.767629
1491 1492 528.285227
1465 1493 134.767629
1492 1493 91.440448
1466 1494 134.767629
1493 1494 64.919379
1467 1495 134.767629
1494 1495 41.972681
1468 1496 134.767629
1495 1496 619.725676
1469 1497 134.767629
1496 1497 837.864403
1470 1498 134.767629
1497 1498 113.862949
1498 1499 510.615599
1472 1500 134.767629
1499 1500 216.002136
1473 1501 134.767629
1500 1501 510.615599
1474 1502 134.767629
1501 1502 123.234307
1475 1503 134.767629
1502 1503 18.036922
1476 1504 134.767629
1503 1504 439.722468
1477 1505 134.767629
1504 1505 52.167430
1478 1506 134.767629
1505 1506 160.383810
1479 1507 134.767629
1506 1507 56.307105
1480 1508 134.767629
1507 1508 18.036922
1481 1509 134.767629
1508 1509 491.889898
1482 1510 134.767629
1509 1510 160.383810
1483 1511 134.767629
1510 1511 214.766390
1484 1512 37.581307
1485 1513 37.581307
1512 1513 325.624055
1486 1514 37.581307
1513 1514 181.621457
1487 1515 37.581307
1514 1515 726.617736
1488 1516 37.581307
1515 1516 77.219816
1489 1517 37.581307
1516 1517 28.821923
1490 1518 37.581307
1517 1518 614.066527
1491 1519 37.581307
1518 1519 41.972681
1492 1520 37.581307
1519 1520 528.285227
1493 1521 37.581307
1520 1521 91.440448
1494 1522 37.581307
1521 1522 64.919379
1495 1523 37.581307
1522 1523 41.972681
1496 1524 37.581307
1523 1524 619.725676
1497 1525 37.581307
1524 1525 837.864403
1498 1526 37.581307
1525 1526 113.862949
1499 1527 37.581307
1526 1527 510.615599
1500 1528 37.581307
1527 1528 216.002136
1501 1529 37.581307
1528 1529 510.615599
1502 1530 37.581307
1529 1530 123.234307
1503 1531 37.581307
1530 1531 18.036922
1504 1532 37.581307
1531 1532 439.722468
1505 1533 37.581307
1532 1533 52.167430
1506 1534 37.581307
1533 1534 160.383810
1507 1535 37.581307
1534 1535 56.307105
1508 1536 37.581307
1535 1536 18.036922
1509 1537 37.581307
1536 1537 491.889898
1510 1538 37.581307
1537 1538 160.383810
1511 1539 37.581307
1538 1539 214.766390
1512 1540 43.697099
1513 1541 43.697099
1540 1541 325.624055
1514 1542 43.697099
1541 1542 181.621457
1515 1543 43.697099
1542 1543 726.617736
1516 1544 43.697099
1543 1544 77.219816
1517 1545 43.697099
1544 1545 28.821923
1518 1546 43.697099
1545 1546 614.066527
1519 1547 43.697099
1546 1547 41.972681
1520 1548 43.697099
1547 1548 528.285227
1521 1549 43.697099
1548 1549 91.440448
1522 1550 43.697099
1549 1550 64.919379
1523 1551 43.697099
1550 1551 41.972681
1524 1552 43.697099
1551 1552 619.725676
1525 1553 43.697099
1552 1553 837.864403
1526 1554 43.697099
1553 1554 113.862949
1527 1555 43.697099
1554 1555 510.615599
1528 1556 43.697099
1555 1556 216.002136
1529 1557 43.697099
1556 1557 510.615599
1530 1558 43.697099
1557 1558 123.234307
1531 1559 43.697099
1558 1559 18.036922
1532 1560 43.697099
1559 1560 439.722468
1533 1561 43.697099
1560 1561 52.167430
1534 1562 43.697099
1561 1562 160.383810
1535 1563 43.697099
1562 1563 56.307105
1536 1564 43.697099
1563 1564 18.036922
1537 1565 43.697099
1564 1565 491.889898
1538 1566 43.697099
1565 1566 160.383810
1539 1567 43.697099
1566 1567 214.766390
0 784 100.000000
1 785 100.000000
2 786 100.000000
3 787 100.000000
4 788 100.000000
5 789 100.000000
6 790 100.000000
7 791 100.000000
8 792 100.000000
9 793 100.000000
10 794 100.000000
11 795 100.000000
12 796 100.000000
13 797 100.000000
14 798 100.000000
15 799 100.000000
16 800 100.000000
17 801 100.000000
18 802 100.000000
19 803 100.000000
20 804 100.000000
21 805 100.000000
22 806 100.000000
23 807 100.000000
24 808 100.000000
25 809 100.000000
26 810 100.000000
27 811 100.000000
28 812 100.000000
29 813 100.000000
30 814 100.000000
31 815 100.000000
32 816 100.000000
33 817 100.000000
34 818 100.000000
35 819 100.000000
36 820 100.000000
37 821 100.000000
38 822 100.000000
39 823 100.000000
40 824 100.000000
41 825 100.000000
42 826 100.000000
43 827 100.000000
44 828 100.000000
45 829 100.000000
46 830 100.000000
47 831 100.000000
48 832 100.000000
49 833 100.000000
50 834 100.000000
51 835 100.000000
52 836 100.000000
53 837 100.000000
54 838 100.000000
55 839 100.000000
56 840 100.000000
57 841 100.000000
58 842 100.000000
59 843 100.000000
60 844 100.000000
61 845 100.000000
62 846 100.000000
63 847 100.000000
64 848 100.000000
65 849 100.000000
66 850 100.000000
67 851 100.000000
68 852 100.000000
69 853 100.000000
70 854 100.000000
71 855 100.000000
72 856 100.000000
73 857 100.000000
74 858 100.000000
75 859 100.000000
76 860 100.000000
77 861 100.000000
81 865 100.000000
82 866 100.000000
83 867 100.000000
84 868 100.000000
85 869 100.000000
86 870 100.000000
87 871 100.000000
88 872 100.000000
89 873 100.000000
90 874 100.000000
91 875 100.000000
92 876 100.000000
93 877 100.000000
94 878 100.000000
95 879 100.000000
96 880 100.000000
97 881 100.000000
98 882 100.000000
99 883 100.000000
100 884 100.000000
101 885 100.000000
102 886 100.000000
103 887 100.000000
109 893 100.000000
110 894 100.000000
111 895 100.000000
112 896 100.000000
113 897 100.000000
114 898 100.000000
115 899 100.000000
116 900 100.000000
117 901 100.000000
118 902 100.000000
119 903 100.000000
120 904 100.000000
121 905 100.000000
122 906 100.000000
123 907 100.000000
124 908 100.000000
125 909 100.000000
126 910 100.000000
127 911 100.000000
128 912 300.000000
129 913 100.000000
130 914 100.000000
131 915 100.000000
136 920 100.000000
137 921 100.000000
138 922 100.000000
139 923 100.000000
140 924 100.000000
141 925 100.000000
142 926 100.000000
143 927 100.000000
144 928 100.000000
145 929 100.000000
146 930 100.000000
147 931 100.000000
148 932 100.000000
149 933 100.000000
150 934 100.000000
151 935 100.000000
152 936 100.000000
153 937 100.000000
154 938 100.000000
155 939 100.000000
156 940 300.000000
157 941 100.000000
158 942 100.000000
159 943 100.000000
164 948 100.000000
165 949 100.000000
166 950 100.000000
167 951 100.000000
168 952 100.000000
169 953 100.000000
170 954 100.000000
171 955 100.000000
172 956 100.000000
173 957 100.000000
174 958 100.000000
175 959 100.000000
176 960 100.000000
177 961 100.000000
178 962 100.000000
179 963 100.000000
180 964 100.000000
181 965 100.000000
182 966 100.000000
183 967 100.000000
184 968 300.000000
185 969 100.000000
186 970 100.000000
187 971 100.000000
188 972 100.000000
189 973 100.000000
190 974 100.000000
191 975 100.000000
192 976 100.000000
193 977 100.000000
194 978 100.000000
195 979 100.000000
196 980 100.000000
197 981 100.000000
198 982 100.000000
199 983 100.000000
200 984 100.000000
201 985 100.000000
202 986 100.000000
203 987 100.000000
204 988 100.000000
205 989 100.000000
206 990 100.000000
207 991 100.000000
208 992 100.000000
209 993 100.000000
210 994 100.000000
211 995 100.000000
212 996 100.000000
213 997 100.000000
214 998 100.000000
215 999 100.000000
216 1000 100.000000
217 1001 100.000000
218 1002 100.000000
219 1003 100.000000
220 1004 100.000000
221 1005 100.000000
222 1006 100.000000
223 1007 100.000000
224 1008 100.000000
225 1009 100.000000
226 1010 100.000000
227 1011 100.000000
228 1012 100.000000
229 1013 100.000000
230 1014 100.000000
231 1015 100.000000
232 1016 100.000000
233 1017 100.000000
234 1018 100.000000
235 1019 100.000000
236 1020 100.000000
237 1021 100.000000
238 1022 100.000000
239 1023 100.000000
240 1024 100.000000
241 1025 100.000000
242 1026 100.000000
243 1027 100.000000
244 1028 100.000000
245 1029 100.000000
246 1030 100.000000
247 1031 100.000000
248 1032 100.000000
249 1033 100.000000
250 1034 100.000000
251 1035 100.000000
252 1036 100.000000
253 1037 100.000000
254 1038 100.000000
255 1039 100.000000
256 1040 100.000000
257 1041 100.000000
258 1042 100.000000
259 1043 100.000000
260 1044 300.000000
261 1045 300.000000
262 1046 300.000000
263 1047 100.000000
264 1048 100.000000
265 1049 100.000000
266 1050 100.000000
267 1051 100.000000
268 1052 100.000000
269 1053 100.000000
270 1054 100.000000
271 1055 100.000000
272 1056 100.000000
273 1057 100.000000
274 1058 100.000000
275 1059 100.000000
276 1060 100.000000
277 1061 100.000000
278 1062 100.000000
279 1063 100.000000
280 1064 100.000000
281 1065 100.000000
282 1066 100.000000
283 1067 100.000000
284 1068 100.000000
285 1069 100.000000
286 1070 100.000000
287 1071 300.000000
288 1072 300.000000
289 1073 300.000000
290 1074 100.000000
291 1075 100.000000
292 1076 100.000000
293 1077 100.000000
294 1078 100.000000
295 1079 100.000000
296 1080 100.000000
297 1081 100.000000
298 1082 100.000000
299 1083 100.000000
300 1084 100.000000
301 1085 100.000000
302 1086 100.000000
303 1087 100.000000
304 1088 100.000000
305 1089 100.000000
306 1090 100.000000
307 1091 100.000000
308 1092 100.000000
309 1093 100.000000
310 1094 100.000000
311 1095 100.000000
312 1096 100.000000
313 1097 100.000000
314 1098 100.000000
315 1099 100.000000
316 1100 100.000000
317 1101 100.000000
318 1102 100.000000
319 1103 100.000000
320 1104 100.000000
321 1105 100.000000
322 1106 100.000000
323 1107 100.000000
324 1108 100.000000
325 1109 100.000000
326 1110 100.000000
327 1111 100.000000
328 1112 100.000000
329 1113 100.000000
330 1114 100.000000
331 1115 100.000000
332 1116 100.000000
333 1117 100.000000
334 1118 100.000000
335 1119 100.000000
336 1120 100.000000
337 1121 100.000000
338 1122 100.000000
339 1123 100.000000
340 1124 100.000000
341 1125 100.000000
342 1126 100.000000
343 1127 100.000000
344 1128 100.000000
345 1129 100.000000
346 1130 100.000000
347 1131 100.000000
348 1132 100.000000
349 1133 100.000000
350 1134 100.000000
351 1135 100.000000
352 1136 100.000000
353 1137 100.000000
354 1138 100.000000
355 1139 100.000000
356 1140 100.000000
357 1141 100.000000
358 1142 100.000000
359 1143 100.000000
360 1144 100.000000
361 1145 100.000000
362 1146 100.000000
363 1147 100.000000
364 1148 100.000000
365 1149 100.000000
366 1150 100.000000
367 1151 100.000000
368 1152 100.000000
369 1153 100.000000
370 1154 100.000000
371 1155 100.000000
372 1156 100.000000
373 1157 100.000000
374 1158 100.000000
375 1159 100.000000
376 1160 100.000000
377 1161 100.000000
378 1162 100.000000
379 1163 100.000000
380 1164 100.000000
381 1165 100.000000
382 1166 100.000000
383 1167 100.000000
384 1168 100.000000
385 1169 100.000000
386 1170 100.000000
387 1171 100.000000
388 1172 100.000000
389 1173 100.000000
390 1174 100.000000
391 1175 100.000000
392 1176 100.000000
393 1177 100.000000
394 1178 100.000000
395 1179 100.000000
396 1180 100.000000
397 1181 100.000000
398 1182 100.000000
399 1183 100.000000
400 1184 100.000000
401 1185 100.000000
402 1186 100.000000
403 1187 100.000000
404 1188 100.000000
405 1189 100.000000
406 1190 100.000000
407 1191 100.000000
408 1192 100.000000
409 1193 100.000000
410 1194 100.000000
411 1195 100.000000
412 1196 100.000000
413 1197 100.000000
414 1198 100.000000
415 1199 100.000000
416 1200 100.000000
417 1201 100.000000
418 1202 100.000000
419 1203 100.000000
420 1204 100.000000
421 1205 100.000000
422 1206 100.000000
423 1207 100.000000
424 1208 100.000000
425 1209 100.000000
426 1210 100.000000
427 1211 100.000000
428 1212 100.000000
429 1213 100.000000
430 1214 100.000000
431 1215 100.000000
432 1216 100.000000
433 1217 100.000000
434 1218 100.000000
435 1219 100.000000
436 1220 100.000000
437 1221 100.000000
438 1222 100.000000
439 1223 100.000000
440 1224 100.000000
441 1225 100.000000
442 1226 100.000000
443 1227 300.000000
444 1228 300.000000
445 1229 300.000000
446 1230 100.000000
447 1231 100.000000
448 1232 100.000000
449 1233 100.000000
450 1234 100.000000
451 1235 100.000000
452 1236 100.000000
453 1237 100.000000
454 1238 100.000000
455 1239 100.000000
456 1240 100.000000
457 1241 100.000000
458 1242 100.000000
459 1243 100.000000
460 1244 100.000000
461 1245 100.000000
462 1246 100.000000
463 1247 100.000000
464 1248 100.000000
465 1249 100.000000
466 1250 100.000000
467 1251 100.000000
468 1252 100.000000
469 1253 100.000000
470 1254 100.000000
471 1255 100.000000
472 1256 100.000000
473 1257 100.000000
474 1258 100.000000
475 1259 100.000000
476 1260 100.000000
477 1261 100.000000
478 1262 100.000000
479 1263 100.000000
480 1264 100.000000
481 1265 100.000000
482 1266 100.000000
483 1267 100.000000
484 1268 100.000000
485 1269 100.000000
486 1270 100.000000
487 1271 100.000000
488 1272 100.000000
489 1273 100.000000
490 1274 100.000000
491 1275 100.000000
492 1276 100.000000
493 1277 100.000000
494 1278 100.000000
495 1279 100.000000
496 1280 100.000000
497 1281 100.000000
498 1282 100.000000
499 1283 100.000000
500 1284 100.000000
501 1285 100.000000
502 1286 100.000000
503 1287 100.000000
504 1288 100.000000
505 1289 100.000000
506 1290 100.000000
507 1291 100.000000
508 1292 100.000000
509 1293 100.000000
510 1294 100.000000
511 1295 100.000000
512 1296 100.000000
513 1297 100.000000
514 1298 100.000000
515 1299 100.000000
516 1300 100.000000
517 1301 100.000000
518 1302 100.000000
519 1303 100.000000
520 1304 100.000000
521 1305 100.000000
522 1306 100.000000
523 1307 100.000000
524 1308 100.000000
525 1309 100.000000
526 1310 100.000000
527 1311 100.000000
528 1312 100.000000
529 1313 100.000000
530 1314 100.000000
531 1315 100.000000
532 1316 100.000000
533 1317 100.000000
534 1318 100.000000
535 1319 100.000000
536 1320 100.000000
537 1321 100.000000
538 1322 100.000000
539 1323 100.000000
540 1324 100.000000
541 1325 100.000000
542 1326 100.000000
543 1327 100.000000
544 1328 100.000000
545 1329 100.000000
546 1330 100.000000
547 1331 100.000000
548 1332 100.000000
549 1333 100.000000
550 1334 100.000000
551 1335 100.000000
552 1336 100.000000
553 1337 100.000000
554 1338 100.000000
555 1339 100.000000
556 1340 100.000000
557 1341 100.000000
558 1342 100.000000
559 1343 100.000000
560 1344 100.000000
561 1345 100.000000
562 1346 100.000000
563 1347 100.000000
564 1348 100.000000
565 1349 100.000000
566 1350 100.000000
567 1351 100.000000
568 1352 100.000000
569 1353 100.000000
570 1354 100.000000
571 1355 100.000000
572 1356 100.000000
573 1357 100.000000
574 1358 100.000000
575 1359 100.000000
576 1360 100.000000
577 1361 100.000000
578 1362 100.000000
583 1367 100.000000
584 1368 100.000000
585 1369 100.000000
586 1370 100.000000
587 1371 100.000000
588 1372 100.000000
589 1373 100.000000
590 1374 100.000000
591 1375 100.000000
592 1376 100.000000
593 1377 100.000000
594 1378 100.000000
595 1379 100.000000
596 1380 100.000000
597 1381 100.000000
600 1384 100.000000
601 1385 100.000000
602 1386 100.000000
603 1387 100.000000
604 1388 100.000000
605 1389 100.000000
606 1390 100.000000
611 1395 100.000000
612 1396 100.000000
613 1397 100.000000
614 1398 100.000000
615 1399 100.000000
616 1400 100.000000
617 1401 100.000000
618 1402 100.000000
619 1403 100.000000
620 1404 100.000000
621 1405 100.000000
622 1406 100.000000
623 1407 100.000000
624 1408 100.000000
625 1409 100.000000
628 1412 100.000000
629 1413 100.000000
630 1414 100.000000
632 1416 100.000000
633 1417 100.000000
634 1418 100.000000
639 1423 100.000000
640 1424 100.000000
641 1425 100.000000
642 1426 100.000000
643 1427 100.000000
644 1428 100.000000
645 1429 100.000000
646 1430 100.000000
647 1431 100.000000
648 1432 100.000000
649 1433 100.000000
650 1434 100.000000
651 1435 100.000000
652 1436 100.000000
653 1437 100.000000
656 1440 100.000000
657 1441 100.000000
658 1442 100.000000
660 1444 100.000000
661 1445 100.000000
662 1446 100.000000
663 1447 100.000000
664 1448 100.000000
665 1449 100.000000
666 1450 100.000000
667 1451 100.000000
668 1452 100.000000
669 1453 100.000000
670 1454 100.000000
671 1455 100.000000
672 1456 100.000000
673 1457 100.000000
674 1458 100.000000
675 1459 100.000000
676 1460 100.000000
677 1461 100.000000
678 1462 100.000000
679 1463 100.000000
680 1464 100.000000
681 1465 100.000000
682 1466 100.000000
683 1467 100.000000
684 1468 100.000000
685 1469 100.000000
686 1470 100.000000
688 1472 100.000000
689 1473 100.000000
690 1474 100.000000
691 1475 100.000000
692 1476 100.000000
693 1477 100.000000
694 1478 100.000000
695 1479 100.000000
696 1480 100.000000
697 1481 100.000000
698 1482 100.000000
699 1483 100.000000
700 1484 100.000000
701 1485 100.000000
702 1486 100.000000
703 1487 100.000000
704 1488 100.000000
705 1489 100.000000
706 1490 100.000000
707 1491 100.000000
708 1492 100.000000
709 1493 100.000000
710 1494 100.000000
711 1495 100.000000
712 1496 100.000000
713 1497 100.000000
714 1498 100.000000
715 1499 100.000000
716 1500 100.000000
717 1501 100.000000
718 1502 100.000000
719 1503 100.000000
720 1504 100.000000
721 1505 100.000000
722 1506 100.000000
723 1507 100.000000
724 1508 100.000000
725 1509 100.000000
726 1510 100.000000
727 1511 100.000000
728 1512 100.000000
729 1513 100.000000
730 1514 100.000000
731 1515 100.000000
732 1516 100.000000
733 1517 100.000000
734 1518 100.000000
735 1519 100.000000
736 1520 100.000000
737 1521 100.000000
738 1522 100.000000
739 1523 100.000000
740 1524 100.000000
741 1525 100.000000
742 1526 100.000000
743 1527 100.000000
744 1528 100.000000
745 1529 100.000000
746 1530 100.000000
747 1531 100.000000
748 1532 100.000000
749 1533 100.000000
750 1534 100.000000
751 1535 100.000000
752 1536 100.000000
753 1537 100.000000
754 1538 100.000000
755 1539 100.000000
756 1540 100.000000
757 1541 100.000000
758 1542 100.000000
759 1543 100.000000
760 1544 100.000000
761 1545 100.000000
762 1546 100.000000
763 1547 100.000000
764 1548 100.000000
765 1549 100.000000
766 1550 100.000000
767 1551 100.000000
768 1552 100.000000
769 1553 100.000000
770 1554 100.000000
771 1555 100.000000
772 1556 100.000000
773 1557 100.000000
774 1558 100.000000
775 1559 100.000000
776 1560 100.000000
777 1561 100.000000
778 1562 100.000000
779 1563 100.000000
780 1564 100.000000
781 1565 100.000000
782 1566 100.000000
783 1567 100.000000
