1193.109818 463.162846 0.000000
1193.109818 788.786900 0.000000
1193.109818 970.408357 0.000000
1193.109818 1697.026093 0.000000
1193.109818 1774.245909 0.000000
1193.109818 1803.067832 0.000000
1193.109818 2417.134359 0.000000
1193.109818 2459.107040 0.000000
1193.109818 2987.392268 0.000000
1193.109818 3078.832716 0.000000
1193.109818 3143.752095 0.000000
1193.109818 3185.724776 0.000000
1193.109818 3805.450452 0.000000
1193.109818 4643.314855 0.000000
1193.109818 4757.177804 0.000000
1193.109818 5267.793403 0.000000
1193.109818 5483.795540 0.000000
1193.109818 5994.411139 0.000000
1193.109818 6117.645446 0.000000
1193.109818 6135.682367 0.000000
1193.109818 6575.404835 0.000000
1193.109818 6627.572266 0.000000
1193.109818 6787.956076 0.000000
1193.109818 6844.263181 0.000000
1193.109818 6862.300103 0.000000
1193.109818 7354.190001 0.000000
1193.109818 7514.573812 0.000000
1193.109818 7729.340201 0.000000
2395.601554 463.162846 0.000000
2395.601554 788.786900 0.000000
2395.601554 970.408357 0.000000
2395.601554 1697.026093 0.000000
2395.601554 1774.245909 0.000000
2395.601554 1803.067832 0.000000
2395.601554 2417.134359 0.000000
2395.601554 2459.107040 0.000000
2395.601554 2987.392268 0.000000
2395.601554 3078.832716 0.000000
2395.601554 3143.752095 0.000000
2395.601554 3185.724776 0.000000
2395.601554 3805.450452 0.000000
2395.601554 4643.314855 0.000000
2395.601554 4757.177804 0.000000
2395.601554 5267.793403 0.000000
2395.601554 5483.795540 0.000000
2395.601554 5994.411139 0.000000
2395.601554 6117.645446 0.000000
2395.601554 6135.682367 0.000000
2395.601554 6575.404835 0.000000
2395.601554 6627.572266 0.000000
2395.601554 6787.956076 0.000000
2395.601554 6844.263181 0.000000
2395.601554 6862.300103 0.000000
2395.601554 7354.190001 0.000000
2395.601554 7514.573812 0.000000
2395.601554 7729.340201 0.000000
2860.961512 463.162846 0.000000
2860.961512 788.786900 0.000000
2860.961512 970.408357 0.000000
2860.961512 1697.026093 0.000000
2860.961512 1774.245909 0.000000
2860.961512 1803.067832 0.000000
2860.961512 2417.134359 0.000000
2860.961512 2459.107040 0.000000
2860.961512 2987.392268 0.000000
2860.961512 3078.832716 0.000000
2860.961512 3143.752095 0.000000
2860.961512 3185.724776 0.000000
2860.961512 3805.450452 0.000000
2860.961512 4643.314855 0.000000
2860.961512 4757.177804 0.000000
2860.961512 5267.793403 0.000000
2860.961512 5483.795540 0.000000
2860.961512 5994.411139 0.000000
2860.961512 6117.645446 0.000000
2860.961512 6135.682367 0.000000
2860.961512 6575.404835 0.000000
2860.961512 6627.572266 0.000000
2860.961512 6787.956076 0.000000
2860.961512 6844.263181 0.000000
2860.961512 6862.300103 0.000000
2860.961512 7354.190001 0.000000
2860.961512 7514.573812 0.000000
2860.961512 7729.340201 0.000000
2972.853626 463.162846 0.000000
2972.853626 788.786900 0.000000
2972.853626 970.408357 0.000000
2972.853626 1697.026093 0.000000
2972.853626 1774.245909 0.000000
2972.853626 1803.067832 0.000000
2972.853626 2417.134359 0.000000
2972.853626 2459.107040 0.000000
2972.853626 2987.392268 0.000000
2972.853626 3078.832716 0.000000
2972.853626 3143.752095 0.000000
2972.853626 3185.724776 0.000000
2972.853626 3805.450452 0.000000
2972.853626 4643.314855 0.000000
2972.853626 4757.177804 0.000000
2972.853626 5267.793403 0.000000
2972.853626 5483.795540 0.000000
2972.853626 5994.411139 0.000000
2972.853626 6117.645446 0.000000
2972.853626 6135.682367 0.000000
2972.853626 6575.404835 0.000000
2972.853626 6627.572266 0.000000
2972.853626 6787.956076 0.000000
2972.853626 6844.263181 0.000000
2972.853626 6862.300103 0.000000
2972.853626 7354.190001 0.000000
2972.853626 7514.573812 0.000000
2972.853626 7729.340201 0.000000
3122.219290 463.162846 0.000000
3122.219290 788.786900 0.000000
3122.219290 970.408357 0.000000
3122.219290 1697.026093 0.000000
3122.219290 1774.245909 0.000000
3122.219290 1803.067832 0.000000
3122.219290 2417.134359 0.000000
3122.219290 2459.107040 0.000000
3122.219290 2987.392268 0.000000
3122.219290 3078.832716 0.000000
3122.219290 3143.752095 0.000000
3122.219290 3185.724776 0.000000
3122.219290 3805.450452 0.000000
3122.219290 4643.314855 0.000000
3122.219290 4757.177804 0.000000
3122.219290 5267.793403 0.000000
3122.219290 5483.795540 0.000000
3122.219290 5994.411139 0.000000
3122.219290 6117.645446 0.000000
3122.219290 6135.682367 0.000000
3122.219290 6575.404835 0.000000
3122.219290 6627.572266 0.000000
3122.219290 6787.956076 0.000000
3122.219290 6844.263181 0.000000
3122.219290 6862.300103 0.000000
3122.219290 7354.190001 0.000000
3122.219290 7514.573812 0.000000
3122.219290 7729.340201 0.000000
3419.786332 463.162846 0.000000
3419.786332 788.786900 0.000000
3419.786332 970.408357 0.000000
3419.786332 1697.026093 0.000000
3419.786332 1774.245909 0.000000
3419.786332 1803.067832 0.000000
3419.786332 2417.134359 0.000000
3419.786332 2459.107040 0.000000
3419.786332 2987.392268 0.000000
3419.786332 3078.832716 0.000000
3419.786332 3143.752095 0.000000
3419.786332 3185.724776 0.000000
3419.786332 3805.450452 0.000000
3419.786332 4643.314855 0.000000
3419.786332 4757.177804 0.000000
3419.786332 5267.793403 0.000000
3419.786332 5483.795540 0.000000
3419.786332 5994.411139 0.000000
3419.786332 6117.645446 0.000000
3419.786332 6135.682367 0.000000
3419.786332 6575.404835 0.000000
3419.786332 6627.572266 0.000000
3419.786332 6787.956076 0.000000
3419.786332 6844.263181 0.000000
3419.786332 6862.300103 0.000000
3419.786332 7354.190001 0.000000
3419.786332 7514.573812 0.000000
3419.786332 7729.340201 0.000000
3587.579248 463.162846 0.000000
3587.579248 788.786900 0.000000
3587.579248 970.408357 0.000000
3587.579248 1697.026093 0.000000
3587.579248 1774.245909 0.000000
3587.579248 1803.067832 0.000000
3587.579248 2417.134359 0.000000
3587.579248 2459.107040 0.000000
3587.579248 2987.392268 0.000000
3587.579248 3078.832716 0.000000
3587.579248 3143.752095 0.000000
3587.579248 3185.724776 0.000000
3587.579248 3805.450452 0.000000
3587.579248 4643.314855 0.000000
3587.579248 4757.177804 0.000000
3587.579248 5267.793403 0.000000
3587.579248 5483.795540 0.000000
3587.579248 5994.411139 0.000000
3587.579248 6117.645446 0.000000
3587.579248 6135.682367 0.000000
3587.579248 6575.404835 0.000000
3587.579248 6627.572266 0.000000
3587.579248 6787.956076 0.000000
3587.579248 6844.263181 0.000000
3587.579248 6862.300103 0.000000
3587.579248 7354.190001 0.000000
3587.579248 7514.573812 0.000000
3587.579248 7729.340201 0.000000
3699.471362 463.162846 0.000000
3699.471362 788.786900 0.000000
3699.471362 970.408357 0.000000
3699.471362 1697.026093 0.000000
3699.471362 1774.245909 0.000000
3699.471362 1803.067832 0.000000
3699.471362 2417.134359 0.000000
3699.471362 2459.107040 0.000000
3699.471362 2987.392268 0.000000
3699.471362 3078.832716 0.000000
3699.471362 3143.752095 0.000000
3699.471362 3185.724776 0.000000
3699.471362 3805.450452 0.000000
3699.471362 4643.314855 0.000000
3699.471362 4757.177804 0.000000
3699.471362 5267.793403 0.000000
3699.471362 5483.795540 0.000000
3699.471362 5994.411139 0.000000
3699.471362 6117.645446 0.000000
3699.471362 6135.682367 0.000000
3699.471362 6575.404835 0.000000
3699.471362 6627.572266 0.000000
3699.471362 6787.956076 0.000000
3699.471362 6844.263181 0.000000
3699.471362 6862.300103 0.000000
3699.471362 7354.190001 0.000000
3699.471362 7514.573812 0.000000
3699.471362 7729.340201 0.000000
4024.775250 463.162846 0.000000
4024.775250 788.786900 0.000000
4024.775250 970.408357 0.000000
4024.775250 1697.026093 0.000000
4024.775250 1774.245909 0.000000
4024.775250 1803.067832 0.000000
4024.775250 2417.134359 0.000000
4024.775250 2459.107040 0.000000
4024.775250 2987.392268 0.000000
4024.775250 3078.832716 0.000000
4024.775250 3143.752095 0.000000
4024.775250 3185.724776 0.000000
4024.775250 3805.450452 0.000000
4024.775250 4643.314855 0.000000
4024.775250 4757.177804 0.000000
4024.775250 5267.793403 0.000000
4024.775250 5483.795540 0.000000
4024.775250 5994.411139 0.000000
4024.775250 6117.645446 0.000000
4024.775250 6135.682367 0.000000
4024.775250 6575.404835 0.000000
4024.775250 6627.572266 0.000000
4024.775250 6787.956076 0.000000
4024.775250 6844.263181 0.000000
4024.775250 6862.300103 0.000000
4024.775250 7354.190001 0.000000
4024.775250 7514.573812 0.000000
4024.775250 7729.340201 0.000000
4108.907045 463.162846 0.000000
4108.907045 788.786900 0.000000
4108.907045 970.408357 0.000000
4108.907045 1697.026093 0.000000
4108.907045 1774.245909 0.000000
4108.907045 1803.067832 0.000000
4108.907045 2417.134359 0.000000
4108.907045 2459.107040 0.000000
4108.907045 2987.392268 0.000000
4108.907045 3078.832716 0.000000
4108.907045 3143.752095 0.000000
4108.907045 3185.724776 0.000000
4108.907045 3805.450452 0.000000
4108.907045 4643.314855 0.000000
4108.907045 4757.177804 0.000000
4108.907045 5267.793403 0.000000
4108.907045 5483.795540 0.000000
4108.907045 5994.411139 0.000000
4108.907045 6117.645446 0.000000
4108.907045 6135.682367 0.000000
4108.907045 6575.404835 0.000000
4108.907045 6627.572266 0.000000
4108.907045 6787.956076 0.000000
4108.907045 6844.263181 0.000000
4108.907045 6862.300103 0.000000
4108.907045 7354.190001 0.000000
4108.907045 7514.573812 0.000000
4108.907045 7729.340201 0.000000
4751.392985 463.162846 0.000000
4751.392985 788.786900 0.000000
4751.392985 970.408357 0.000000
4751.392985 1697.026093 0.000000
4751.392985 1774.245909 0.000000
4751.392985 1803.067832 0.000000
4751.392985 2417.134359 0.000000
4751.392985 2459.107040 0.000000
4751.392985 2987.392268 0.000000
4751.392985 3078.832716 0.000000
4751.392985 3143.752095 0.000000
4751.392985 3185.724776 0.000000
4751.392985 3805.450452 0.000000
4751.392985 4643.314855 0.000000
4751.392985 4757.177804 0.000000
4751.392985 5267.793403 0.000000
4751.392985 5483.795540 0.000000
4751.392985 5994.411139 0.000000
4751.392985 6117.645446 0.000000
4751.392985 6135.682367 0.000000
4751.392985 6575.404835 0.000000
4751.392985 6627.572266 0.000000
4751.392985 6787.956076 0.000000
4751.392985 6844.263181 0.000000
4751.392985 6862.300103 0.000000
4751.392985 7354.190001 0.000000
4751.392985 7514.573812 0.000000
4751.392985 7729.340201 0.000000
4835.524781 463.162846 0.000000
4835.524781 788.786900 0.000000
4835.524781 970.408357 0.000000
4835.524781 1697.026093 0.000000
4835.524781 1774.245909 0.000000
4835.524781 1803.067832 0.000000
4835.524781 2417.134359 0.000000
4835.524781 2459.107040 0.000000
4835.524781 2987.392268 0.000000
4835.524781 3078.832716 0.000000
4835.524781 3143.752095 0.000000
4835.524781 3185.724776 0.000000
4835.524781 3805.450452 0.000000
4835.524781 4643.314855 0.000000
4835.524781 4757.177804 0.000000
4835.524781 5267.793403 0.000000
4835.524781 5483.795540 0.000000
4835.524781 5994.411139 0.000000
4835.524781 6117.645446 0.000000
4835.524781 6135.682367 0.000000
4835.524781 6575.404835 0.000000
4835.524781 6627.572266 0.000000
4835.524781 6787.956076 0.000000
4835.524781 6844.263181 0.000000
4835.524781 6862.300103 0.000000
4835.524781 7354.190001 0.000000
4835.524781 7514.573812 0.000000
4835.524781 7729.340201 0.000000
4950.837930 463.162846 0.000000
4950.837930 788.786900 0.000000
4950.837930 970.408357 0.000000
4950.837930 1697.026093 0.000000
4950.837930 1774.245909 0.000000
4950.837930 1803.067832 0.000000
4950.837930 2417.134359 0.000000
4950.837930 2459.107040 0.000000
4950.837930 2987.392268 0.000000
4950.837930 3078.832716 0.000000
4950.837930 3143.752095 0.000000
4950.837930 3185.724776 0.000000
4950.837930 3805.450452 0.000000
4950.837930 4643.314855 0.000000
4950.837930 4757.177804 0.000000
4950.837930 5267.793403 0.000000
4950.837930 5483.795540 0.000000
4950.837930 5994.411139 0.000000
4950.837930 6117.645446 0.000000
4950.837930 6135.682367 0.000000
4950.837930 6575.404835 0.000000
4950.837930 6627.572266 0.000000
4950.837930 6787.956076 0.000000
4950.837930 6844.263181 0.000000
4950.837930 6862.300103 0.000000
4950.837930 7354.190001 0.000000
4950.837930 7514.573812 0.000000
4950.837930 7729.340201 0.000000
5874.719195 463.162846 0.000000
5874.719195 788.786900 0.000000
5874.719195 970.408357 0.000000
5874.719195 1697.026093 0.000000
5874.719195 1774.245909 0.000000
5874.719195 1803.067832 0.000000
5874.719195 2417.134359 0.000000
5874.719195 2459.107040 0.000000
5874.719195 2987.392268 0.000000
5874.719195 3078.832716 0.000000
5874.719195 3143.752095 0.000000
5874.719195 3185.724776 0.000000
5874.719195 3805.450452 0.000000
5874.719195 4643.314855 0.000000
5874.719195 4757.177804 0.000000
5874.719195 5267.793403 0.000000
5874.719195 5483.795540 0.000000
5874.719195 5994.411139 0.000000
5874.719195 6117.645446 0.000000
5874.719195 6135.682367 0.000000
5874.719195 6575.404835 0.000000
5874.719195 6627.572266 0.000000
5874.719195 6787.956076 0.000000
5874.719195 6844.263181 0.000000
5874.719195 6862.300103 0.000000
5874.719195 7354.190001 0.000000
5874.719195 7514.573812 0.000000
5874.719195 7729.340201 0.000000
6063.750138 463.162846 0.000000
6063.750138 788.786900 0.000000
6063.750138 970.408357 0.000000
6063.750138 1697.026093 0.000000
6063.750138 1774.245909 0.000000
6063.750138 1803.067832 0.000000
6063.750138 2417.134359 0.000000
6063.750138 2459.107040 0.000000
6063.750138 2987.392268 0.000000
6063.750138 3078.832716 0.000000
6063.750138 3143.752095 0.000000
6063.750138 3185.724776 0.000000
6063.750138 3805.450452 0.000000
6063.750138 4643.314855 0.000000
6063.750138 4757.177804 0.000000
6063.750138 5267.793403 0.000000
6063.750138 5483.795540 0.000000
6063.750138 5994.411139 0.000000
6063.750138 6117.645446 0.000000
6063.750138 6135.682367 0.000000
6063.750138 6575.404835 0.000000
6063.750138 6627.572266 0.000000
6063.750138 6787.956076 0.000000
6063.750138 6844.263181 0.000000
6063.750138 6862.300103 0.000000
6063.750138 7354.190001 0.000000
6063.750138 7514.573812 0.000000
6063.750138 7729.340201 0.000000
6601.336930 463.162846 0.000000
6601.336930 788.786900 0.000000
6601.336930 970.408357 0.000000
6601.336930 1697.026093 0.000000
6601.336930 1774.245909 0.000000
6601.336930 1803.067832 0.000000
6601.336930 2417.134359 0.000000
6601.336930 2459.107040 0.000000
6601.336930 2987.392268 0.000000
6601.336930 3078.832716 0.000000
6601.336930 3143.752095 0.000000
6601.336930 3185.724776 0.000000
6601.336930 3805.450452 0.000000
6601.336930 4643.314855 0.000000
6601.336930 4757.177804 0.000000
6601.336930 5267.793403 0.000000
6601.336930 5483.795540 0.000000
6601.336930 5994.411139 0.000000
6601.336930 6117.645446 0.000000
6601.336930 6135.682367 0.000000
6601.336930 6575.404835 0.000000
6601.336930 6627.572266 0.000000
6601.336930 6787.956076 0.000000
6601.336930 6844.263181 0.000000
6601.336930 6862.300103 0.000000
6601.336930 7354.190001 0.000000
6601.336930 7514.573812 0.000000
6601.336930 7729.340201 0.000000
6790.367873 463.162846 0.000000
6790.367873 788.786900 0.000000
6790.367873 970.408357 0.000000
6790.367873 1697.026093 0.000000
6790.367873 1774.245909 0.000000
6790.367873 1803.067832 0.000000
6790.367873 2417.134359 0.000000
6790.367873 2459.107040 0.000000
6790.367873 2987.392268 0.000000
6790.367873 3078.832716 0.000000
6790.367873 3143.752095 0.000000
6790.367873 3185.724776 0.000000
6790.367873 3805.450452 0.000000
6790.367873 4643.314855 0.000000
6790.367873 4757.177804 0.000000
6790.367873 5267.793403 0.000000
6790.367873 5483.795540 0.000000
6790.367873 5994.411139 0.000000
6790.367873 6117.645446 0.000000
6790.367873 6135.682367 0.000000
6790.367873 6575.404835 0.000000
6790.367873 6627.572266 0.000000
6790.367873 6787.956076 0.000000
6790.367873 6844.263181 0.000000
6790.367873 6862.300103 0.000000
6790.367873 7354.190001 0.000000
6790.367873 7514.573812 0.000000
6790.367873 7729.340201 0.000000
7186.755512 463.162846 0.000000
7186.755512 788.786900 0.000000
7186.755512 970.408357 0.000000
7186.755512 1697.026093 0.000000
7186.755512 1774.245909 0.000000
7186.755512 1803.067832 0.000000
7186.755512 2417.134359 0.000000
7186.755512 2459.107040 0.000000
7186.755512 2987.392268 0.000000
7186.755512 3078.832716 0.000000
7186.755512 3143.752095 0.000000
7186.755512 3185.724776 0.000000
7186.755512 3805.450452 0.000000
7186.755512 4643.314855 0.000000
7186.755512 4757.177804 0.000000
7186.755512 5267.793403 0.000000
7186.755512 5483.795540 0.000000
7186.755512 5994.411139 0.000000
7186.755512 6117.645446 0.000000
7186.755512 6135.682367 0.000000
7186.755512 6575.404835 0.000000
7186.755512 6627.572266 0.000000
7186.755512 6787.956076 0.000000
7186.755512 6844.263181 0.000000
7186.755512 6862.300103 0.000000
7186.755512 7354.190001 0.000000
7186.755512 7514.573812 0.000000
7186.755512 7729.340201 0.000000
8119.081160 463.162846 0.000000
8119.081160 788.786900 0.000000
8119.081160 970.408357 0.000000
8119.081160 1697.026093 0.000000
8119.081160 1774.245909 0.000000
8119.081160 1803.067832 0.000000
8119.081160 2417.134359 0.000000
8119.081160 2459.107040 0.000000
8119.081160 2987.392268 0.000000
8119.081160 3078.832716 0.000000
8119.081160 3143.752095 0.000000
8119.081160 3185.724776 0.000000
8119.081160 3805.450452 0.000000
8119.081160 4643.314855 0.000000
8119.081160 4757.177804 0.000000
8119.081160 5267.793403 0.000000
8119.081160 5483.795540 0.000000
8119.081160 5994.411139 0.000000
8119.081160 6117.645446 0.000000
8119.081160 6135.682367 0.000000
8119.081160 6575.404835 0.000000
8119.081160 6627.572266 0.000000
8119.081160 6787.956076 0.000000
8119.081160 6844.263181 0.000000
8119.081160 6862.300103 0.000000
8119.081160 7354.190001 0.000000
8119.081160 7514.573812 0.000000
8119.081160 7729.340201 0.000000
8189.819198 463.162846 0.000000
8189.819198 788.786900 0.000000
8189.819198 970.408357 0.000000
8189.819198 1697.026093 0.000000
8189.819198 1774.245909 0.000000
8189.819198 1803.067832 0.000000
8189.819198 2417.134359 0.000000
8189.819198 2459.107040 0.000000
8189.819198 2987.392268 0.000000
8189.819198 3078.832716 0.000000
8189.819198 3143.752095 0.000000
8189.819198 3185.724776 0.000000
8189.819198 3805.450452 0.000000
8189.819198 4643.314855 0.000000
8189.819198 4757.177804 0.000000
8189.819198 5267.793403 0.000000
8189.819198 5483.795540 0.000000
8189.819198 5994.411139 0.000000
8189.819198 6117.645446 0.000000
8189.819198 6135.682367 0.000000
8189.819198 6575.404835 0.000000
8189.819198 6627.572266 0.000000
8189.819198 6787.956076 0.000000
8189.819198 6844.263181 0.000000
8189.819198 6862.300103 0.000000
8189.819198 7354.190001 0.000000
8189.819198 7514.573812 0.000000
8189.819198 7729.340201 0.000000
8321.357080 463.162846 0.000000
8321.357080 788.786900 0.000000
8321.357080 970.408357 0.000000
8321.357080 1697.026093 0.000000
8321.357080 1774.245909 0.000000
8321.357080 1803.067832 0.000000
8321.357080 2417.134359 0.000000
8321.357080 2459.107040 0.000000
8321.357080 2987.392268 0.000000
8321.357080 3078.832716 0.000000
8321.357080 3143.752095 0.000000
8321.357080 3185.724776 0.000000
8321.357080 3805.450452 0.000000
8321.357080 4643.314855 0.000000
8321.357080 4757.177804 0.000000
8321.357080 5267.793403 0.000000
8321.357080 5483.795540 0.000000
8321.357080 5994.411139 0.000000
8321.357080 6117.645446 0.000000
8321.357080 6135.682367 0.000000
8321.357080 6575.404835 0.000000
8321.357080 6627.572266 0.000000
8321.357080 6787.956076 0.000000
8321.357080 6844.263181 0.000000
8321.357080 6862.300103 0.000000
8321.357080 7354.190001 0.000000
8321.357080 7514.573812 0.000000
8321.357080 7729.340201 0.000000
8456.124708 463.162846 0.000000
8456.124708 788.786900 0.000000
8456.124708 970.408357 0.000000
8456.124708 1697.026093 0.000000
8456.124708 1774.245909 0.000000
8456.124708 1803.067832 0.000000
8456.124708 2417.134359 0.000000
8456.124708 2459.107040 0.000000
8456.124708 2987.392268 0.000000
8456.124708 3078.832716 0.000000
8456.124708 3143.752095 0.000000
8456.124708 3185.724776 0.000000
8456.124708 3805.450452 0.000000
8456.124708 4643.314855 0.000000
8456.124708 4757.177804 0.000000
8456.124708 5267.793403 0.000000
8456.124708 5483.795540 0.000000
8456.124708 5994.411139 0.000000
8456.124708 6117.645446 0.000000
8456.124708 6135.682367 0.000000
8456.124708 6575.404835 0.000000
8456.124708 6627.572266 0.000000
8456.124708 6787.956076 0.000000
8456.124708 6844.263181 0.000000
8456.124708 6862.300103 0.000000
8456.124708 7354.190001 0.000000
8456.124708 7514.573812 0.000000
8456.124708 7729.340201 0.000000
8478.095771 463.162846 0.000000
8478.095771 788.786900 0.000000
8478.095771 970.408357 0.000000
8478.095771 1697.026093 0.000000
8478.095771 1774.245909 0.000000
8478.095771 1803.067832 0.000000
8478.095771 2417.134359 0.000000
8478.095771 2459.107040 0.000000
8478.095771 2987.392268 0.000000
8478.095771 3078.832716 0.000000
8478.095771 3143.752095 0.000000
8478.095771 3185.724776 0.000000
8478.095771 3805.450452 0.000000
8478.095771 4643.314855 0.000000
8478.095771 4757.177804 0.000000
8478.095771 5267.793403 0.000000
8478.095771 5483.795540 0.000000
8478.095771 5994.411139 0.000000
8478.095771 6117.645446 0.000000
8478.095771 6135.682367 0.000000
8478.095771 6575.404835 0.000000
8478.095771 6627.572266 0.000000
8478.095771 6787.956076 0.000000
8478.095771 6844.263181 0.000000
8478.095771 6862.300103 0.000000
8478.095771 7354.190001 0.000000
8478.095771 7514.573812 0.000000
8478.095771 7729.340201 0.000000
8916.436933 463.162846 0.000000
8916.436933 788.786900 0.000000
8916.436933 970.408357 0.000000
8916.436933 1697.026093 0.000000
8916.436933 1774.245909 0.000000
8916.436933 1803.067832 0.000000
8916.436933 2417.134359 0.000000
8916.436933 2459.107040 0.000000
8916.436933 2987.392268 0.000000
8916.436933 3078.832716 0.000000
8916.436933 3143.752095 0.000000
8916.436933 3185.724776 0.000000
8916.436933 3805.450452 0.000000
8916.436933 4643.314855 0.000000
8916.436933 4757.177804 0.000000
8916.436933 5267.793403 0.000000
8916.436933 5483.795540 0.000000
8916.436933 5994.411139 0.000000
8916.436933 6117.645446 0.000000
8916.436933 6135.682367 0.000000
8916.436933 6575.404835 0.000000
8916.436933 6627.572266 0.000000
8916.436933 6787.956076 0.000000
8916.436933 6844.263181 0.000000
8916.436933 6862.300103 0.000000
8916.436933 7354.190001 0.000000
8916.436933 7514.573812 0.000000
8916.436933 7729.340201 0.000000
9047.974815 463.162846 0.000000
9047.974815 788.786900 0.000000
9047.974815 970.408357 0.000000
9047.974815 1697.026093 0.000000
9047.974815 1774.245909 0.000000
9047.974815 1803.067832 0.000000
9047.974815 2417.134359 0.000000
9047.974815 2459.107040 0.000000
9047.974815 2987.392268 0.000000
9047.974815 3078.832716 0.000000
9047.974815 3143.752095 0.000000
9047.974815 3185.724776 0.000000
9047.974815 3805.450452 0.000000
9047.974815 4643.314855 0.000000
9047.974815 4757.177804 0.000000
9047.974815 5267.793403 0.000000
9047.974815 5483.795540 0.000000
9047.974815 5994.411139 0.000000
9047.974815 6117.645446 0.000000
9047.974815 6135.682367 0.000000
9047.974815 6575.404835 0.000000
9047.974815 6627.572266 0.000000
9047.974815 6787.956076 0.000000
9047.974815 6844.263181 0.000000
9047.974815 6862.300103 0.000000
9047.974815 7354.190001 0.000000
9047.974815 7514.573812 0.000000
9047.974815 7729.340201 0.000000
9182.742444 463.162846 0.000000
9182.742444 788.786900 0.000000
9182.742444 970.408357 0.000000
9182.742444 1697.026093 0.000000
9182.742444 1774.245909 0.000000
9182.742444 1803.067832 0.000000
9182.742444 2417.134359 0.000000
9182.742444 2459.107040 0.000000
9182.742444 2987.392268 0.000000
9182.742444 3078.832716 0.000000
9182.742444 3143.752095 0.000000
9182.742444 3185.724776 0.000000
9182.742444 3805.450452 0.000000
9182.742444 4643.314855 0.000000
9182.742444 4757.177804 0.000000
9182.742444 5267.793403 0.000000
9182.742444 5483.795540 0.000000
9182.742444 5994.411139 0.000000
9182.742444 6117.645446 0.000000
9182.742444 6135.682367 0.000000
9182.742444 6575.404835 0.000000
9182.742444 6627.572266 0.000000
9182.742444 6787.956076 0.000000
9182.742444 6844.263181 0.000000
9182.742444 6862.300103 0.000000
9182.742444 7354.190001 0.000000
9182.742444 7514.573812 0.000000
9182.742444 7729.340201 0.000000
9220.323751 463.162846 0.000000
9220.323751 788.786900 0.000000
9220.323751 970.408357 0.000000
9220.323751 1697.026093 0.000000
9220.323751 1774.245909 0.000000
9220.323751 1803.067832 0.000000
9220.323751 2417.134359 0.000000
9220.323751 2459.107040 0.000000
9220.323751 2987.392268 0.000000
9220.323751 3078.832716 0.000000
9220.323751 3143.752095 0.000000
9220.323751 3185.724776 0.000000
9220.323751 3805.450452 0.000000
9220.323751 4643.314855 0.000000
9220.323751 4757.177804 0.000000
9220.323751 5267.793403 0.000000
9220.323751 5483.795540 0.000000
9220.323751 5994.411139 0.000000
9220.323751 6117.645446 0.000000
9220.323751 6135.682367 0.000000
9220.323751 6575.404835 0.000000
9220.323751 6627.572266 0.000000
9220.323751 6787.956076 0.000000
9220.323751 6844.263181 0.000000
9220.323751 6862.300103 0.000000
9220.323751 7354.190001 0.000000
9220.323751 7514.573812 0.000000
9220.323751 7729.340201 0.000000
9264.020850 463.162846 0.000000
9264.020850 788.786900 0.000000
9264.020850 970.408357 0.000000
9264.020850 1697.026093 0.000000
9264.020850 1774.245909 0.000000
9264.020850 1803.067832 0.000000
9264.020850 2417.134359 0.000000
9264.020850 2459.107040 0.000000
9264.020850 2987.392268 0.000000
9264.020850 3078.832716 0.000000
9264.020850 3143.752095 0.000000
9264.020850 3185.724776 0.000000
9264.020850 3805.450452 0.000000
9264.020850 4643.314855 0.000000
9264.020850 4757.177804 0.000000
9264.020850 5267.793403 0.000000
9264.020850 5483.795540 0.000000
9264.020850 5994.411139 0.000000
9264.020850 6117.645446 0.000000
9264.020850 6135.682367 0.000000
9264.020850 6575.404835 0.000000
9264.020850 6627.572266 0.000000
9264.020850 6787.956076 0.000000
9264.020850 6844.263181 0.000000
9264.020850 6862.300103 0.000000
9264.020850 7354.190001 0.000000
9264.020850 7514.573812 0.000000
9264.020850 7729.340201 0.000000
1193.109818 463.162846 100.000000
1193.109818 788.786900 100.000000
1193.109818 970.408357 100.000000
1193.109818 1697.026093 100.000000
1193.109818 1774.245909 100.000000
1193.109818 1803.067832 100.000000
1193.109818 2417.134359 100.000000
1193.109818 2459.107040 100.000000
1193.109818 2987.392268 100.000000
1193.109818 3078.832716 100.000000
1193.109818 3143.752095 100.000000
1193.109818 3185.724776 100.000000
1193.109818 3805.450452 100.000000
1193.109818 4643.314855 100.000000
1193.109818 4757.177804 100.000000
1193.109818 5267.793403 100.000000
1193.109818 5483.795540 100.000000
1193.109818 5994.411139 100.000000
1193.109818 6117.645446 100.000000
1193.109818 6135.682367 100.000000
1193.109818 6575.404835 100.000000
1193.109818 6627.572266 100.000000
1193.109818 6787.956076 100.000000
1193.109818 6844.263181 100.000000
1193.109818 6862.300103 100.000000
1193.109818 7354.190001 100.000000
1193.109818 7514.573812 100.000000
1193.109818 7729.340201 100.000000
2395.601554 463.162846 100.000000
2395.601554 788.786900 100.000000
2395.601554 970.408357 100.000000
2395.601554 1697.026093 100.000000
2395.601554 1774.245909 100.000000
2395.601554 1803.067832 100.000000
2395.601554 2417.134359 100.000000
2395.601554 2459.107040 100.000000
2395.601554 2987.392268 100.000000
2395.601554 3078.832716 100.000000
2395.601554 3143.752095 100.000000
2395.601554 3185.724776 100.000000
2395.601554 3805.450452 100.000000
2395.601554 4643.314855 100.000000
2395.601554 4757.177804 100.000000
2395.601554 5267.793403 100.000000
2395.601554 5483.795540 100.000000
2395.601554 5994.411139 100.000000
2395.601554 6117.645446 100.000000
2395.601554 6135.682367 100.000000
2395.601554 6575.404835 100.000000
2395.601554 6627.572266 100.000000
2395.601554 6787.956076 100.000000
2395.601554 6844.263181 100.000000
2395.601554 6862.300103 100.000000
2395.601554 7354.190001 100.000000
2395.601554 7514.573812 100.000000
2395.601554 7729.340201 100.000000
2860.961512 463.162846 100.000000
2860.961512 788.786900 100.000000
2860.961512 970.408357 100.000000
2860.961512 1697.026093 100.000000
2860.961512 1774.245909 100.000000
2860.961512 1803.067832 100.000000
2860.961512 2417.134359 100.000000
2860.961512 2459.107040 100.000000
2860.961512 2987.392268 100.000000
2860.961512 3078.832716 100.000000
2860.961512 3143.752095 100.000000
2860.961512 3185.724776 100.000000
2860.961512 3805.450452 100.000000
2860.961512 4643.314855 100.000000
2860.961512 4757.177804 100.000000
2860.961512 5267.793403 100.000000
2860.961512 5483.795540 100.000000
2860.961512 5994.411139 100.000000
2860.961512 6117.645446 100.000000
2860.961512 6135.682367 100.000000
2860.961512 6575.404835 100.000000
2860.961512 6627.572266 100.000000
2860.961512 6787.956076 100.000000
2860.961512 6844.263181 100.000000
2860.961512 6862.300103 100.000000
2860.961512 7354.190001 100.000000
2860.961512 7514.573812 100.000000
2860.961512 7729.340201 100.000000
2972.853626 463.162846 100.000000
2972.853626 788.786900 100.000000
2972.853626 970.408357 100.000000
2972.853626 1697.026093 100.000000
2972.853626 1774.245909 100.000000
2972.853626 1803.067832 100.000000
2972.853626 2417.134359 100.000000
2972.853626 2459.107040 100.000000
2972.853626 2987.392268 100.000000
2972.853626 3078.832716 100.000000
2972.853626 3143.752095 100.000000
2972.853626 3185.724776 100.000000
2972.853626 3805.450452 100.000000
2972.853626 4643.314855 100.000000
2972.853626 4757.177804 100.000000
2972.853626 5267.793403 100.000000
2972.853626 5483.795540 100.000000
2972.853626 5994.411139 100.000000
2972.853626 6117.645446 100.000000
2972.853626 6135.682367 100.000000
2972.853626 6575.404835 100.000000
2972.853626 6627.572266 100.000000
2972.853626 6787.956076 100.000000
2972.853626 6844.263181 100.000000
2972.853626 6862.300103 100.000000
2972.853626 7354.190001 100.000000
2972.853626 7514.573812 100.000000
2972.853626 7729.340201 100.000000
3122.219290 463.162846 100.000000
3122.219290 788.786900 100.000000
3122.219290 970.408357 100.000000
3122.219290 1697.026093 100.000000
3122.219290 1774.245909 100.000000
3122.219290 1803.067832 100.000000
3122.219290 2417.134359 100.000000
3122.219290 2459.107040 100.000000
3122.219290 2987.392268 100.000000
3122.219290 3078.832716 100.000000
3122.219290 3143.752095 100.000000
3122.219290 3185.724776 100.000000
3122.219290 3805.450452 100.000000
3122.219290 4643.314855 100.000000
3122.219290 4757.177804 100.000000
3122.219290 5267.793403 100.000000
3122.219290 5483.795540 100.000000
3122.219290 5994.411139 100.000000
3122.219290 6117.645446 100.000000
3122.219290 6135.682367 100.000000
3122.219290 6575.404835 100.000000
3122.219290 6627.572266 100.000000
3122.219290 6787.956076 100.000000
3122.219290 6844.263181 100.000000
3122.219290 6862.300103 100.000000
3122.219290 7354.190001 100.000000
3122.219290 7514.573812 100.000000
3122.219290 7729.340201 100.000000
3419.786332 463.162846 100.000000
3419.786332 788.786900 100.000000
3419.786332 970.408357 100.000000
3419.786332 1697.026093 100.000000
3419.786332 1774.245909 100.000000
3419.786332 1803.067832 100.000000
3419.786332 2417.134359 100.000000
3419.786332 2459.107040 100.000000
3419.786332 2987.392268 100.000000
3419.786332 3078.832716 100.000000
3419.786332 3143.752095 100.000000
3419.786332 3185.724776 100.000000
3419.786332 3805.450452 100.000000
3419.786332 4643.314855 100.000000
3419.786332 4757.177804 100.000000
3419.786332 5267.793403 100.000000
3419.786332 5483.795540 100.000000
3419.786332 5994.411139 100.000000
3419.786332 6117.645446 100.000000
3419.786332 6135.682367 100.000000
3419.786332 6575.404835 100.000000
3419.786332 6627.572266 100.000000
3419.786332 6787.956076 100.000000
3419.786332 6844.263181 100.000000
3419.786332 6862.300103 100.000000
3419.786332 7354.190001 100.000000
3419.786332 7514.573812 100.000000
3419.786332 7729.340201 100.000000
3587.579248 463.162846 100.000000
3587.579248 788.786900 100.000000
3587.579248 970.408357 100.000000
3587.579248 1697.026093 100.000000
3587.579248 1774.245909 100.000000
3587.579248 1803.067832 100.000000
3587.579248 2417.134359 100.000000
3587.579248 2459.107040 100.000000
3587.579248 2987.392268 100.000000
3587.579248 3078.832716 100.000000
3587.579248 3143.752095 100.000000
3587.579248 3185.724776 100.000000
3587.579248 3805.450452 100.000000
3587.579248 4643.314855 100.000000
3587.579248 4757.177804 100.000000
3587.579248 5267.793403 100.000000
3587.579248 5483.795540 100.000000
3587.579248 5994.411139 100.000000
3587.579248 6117.645446 100.000000
3587.579248 6135.682367 100.000000
3587.579248 6575.404835 100.000000
3587.579248 6627.572266 100.000000
3587.579248 6787.956076 100.000000
3587.579248 6844.263181 100.000000
3587.579248 6862.300103 100.000000
3587.579248 7354.190001 100.000000
3587.579248 7514.573812 100.000000
3587.579248 7729.340201 100.000000
3699.471362 463.162846 100.000000
3699.471362 788.786900 100.000000
3699.471362 970.408357 100.000000
3699.471362 1697.026093 100.000000
3699.471362 1774.245909 100.000000
3699.471362 1803.067832 100.000000
3699.471362 2417.134359 100.000000
3699.471362 2459.107040 100.000000
3699.471362 2987.392268 100.000000
3699.471362 3078.832716 100.000000
3699.471362 3143.752095 100.000000
3699.471362 3185.724776 100.000000
3699.471362 3805.450452 100.000000
3699.471362 4643.314855 100.000000
3699.471362 4757.177804 100.000000
3699.471362 5267.793403 100.000000
3699.471362 5483.795540 100.000000
3699.471362 5994.411139 100.000000
3699.471362 6117.645446 100.000000
3699.471362 6135.682367 100.000000
3699.471362 6575.404835 100.000000
3699.471362 6627.572266 100.000000
3699.471362 6787.956076 100.000000
3699.471362 6844.263181 100.000000
3699.471362 6862.300103 100.000000
3699.471362 7354.190001 100.000000
3699.471362 7514.573812 100.000000
3699.471362 7729.340201 100.000000
4024.775250 463.162846 100.000000
4024.775250 788.786900 100.000000
4024.775250 970.408357 100.000000
4024.775250 1697.026093 100.000000
4024.775250 1774.245909 100.000000
4024.775250 1803.067832 100.000000
4024.775250 2417.134359 100.000000
4024.775250 2459.107040 100.000000
4024.775250 2987.392268 100.000000
4024.775250 3078.832716 100.000000
4024.775250 3143.752095 100.000000
4024.775250 3185.724776 100.000000
4024.775250 3805.450452 100.000000
4024.775250 4643.314855 100.000000
4024.775250 4757.177804 100.000000
4024.775250 5267.793403 100.000000
4024.775250 5483.795540 100.000000
4024.775250 5994.411139 100.000000
4024.775250 6117.645446 100.000000
4024.775250 6135.682367 100.000000
4024.775250 6575.404835 100.000000
4024.775250 6627.572266 100.000000
4024.775250 6787.956076 100.000000
4024.775250 6844.263181 100.000000
4024.775250 6862.300103 100.000000
4024.775250 7354.190001 100.000000
4024.775250 7514.573812 100.000000
4024.775250 7729.340201 100.000000
4108.907045 463.162846 100.000000
4108.907045 788.786900 100.000000
4108.907045 970.408357 100.000000
4108.907045 1697.026093 100.000000
4108.907045 1774.245909 100.000000
4108.907045 1803.067832 100.000000
4108.907045 2417.134359 100.000000
4108.907045 2459.107040 100.000000
4108.907045 2987.392268 100.000000
4108.907045 3078.832716 100.000000
4108.907045 3143.752095 100.000000
4108.907045 3185.724776 100.000000
4108.907045 3805.450452 100.000000
4108.907045 4643.314855 100.000000
4108.907045 4757.177804 100.000000
4108.907045 5267.793403 100.000000
4108.907045 5483.795540 100.000000
4108.907045 5994.411139 100.000000
4108.907045 6117.645446 100.000000
4108.907045 6135.682367 100.000000
4108.907045 6575.404835 100.000000
4108.907045 6627.572266 100.000000
4108.907045 6787.956076 100.000000
4108.907045 6844.263181 100.000000
4108.907045 6862.300103 100.000000
4108.907045 7354.190001 100.000000
4108.907045 7514.573812 100.000000
4108.907045 7729.340201 100.000000
4751.392985 463.162846 100.000000
4751.392985 788.786900 100.000000
4751.392985 970.408357 100.000000
4751.392985 1697.026093 100.000000
4751.392985 1774.245909 100.000000
4751.392985 1803.067832 100.000000
4751.392985 2417.134359 100.000000
4751.392985 2459.107040 100.000000
4751.392985 2987.392268 100.000000
4751.392985 3078.832716 100.000000
4751.392985 3143.752095 100.000000
4751.392985 3185.724776 100.000000
4751.392985 3805.450452 100.000000
4751.392985 4643.314855 100.000000
4751.392985 4757.177804 100.000000
4751.392985 5267.793403 100.000000
4751.392985 5483.795540 100.000000
4751.392985 5994.411139 100.000000
4751.392985 6117.645446 100.000000
4751.392985 6135.682367 100.000000
4751.392985 6575.404835 100.000000
4751.392985 6627.572266 100.000000
4751.392985 6787.956076 100.000000
4751.392985 6844.263181 100.000000
4751.392985 6862.300103 100.000000
4751.392985 7354.190001 100.000000
4751.392985 7514.573812 100.000000
4751.392985 7729.340201 100.000000
4835.524781 463.162846 100.000000
4835.524781 788.786900 100.000000
4835.524781 970.408357 100.000000
4835.524781 1697.026093 100.000000
4835.524781 1774.245909 100.000000
4835.524781 1803.067832 100.000000
4835.524781 2417.134359 100.000000
4835.524781 2459.107040 100.000000
4835.524781 2987.392268 100.000000
4835.524781 3078.832716 100.000000
4835.524781 3143.752095 100.000000
4835.524781 3185.724776 100.000000
4835.524781 3805.450452 100.000000
4835.524781 4643.314855 100.000000
4835.524781 4757.177804 100.000000
4835.524781 5267.793403 100.000000
4835.524781 5483.795540 100.000000
4835.524781 5994.411139 100.000000
4835.524781 6117.645446 100.000000
4835.524781 6135.682367 100.000000
4835.524781 6575.404835 100.000000
4835.524781 6627.572266 100.000000
4835.524781 6787.956076 100.000000
4835.524781 6844.263181 100.000000
4835.524781 6862.300103 100.000000
4835.524781 7354.190001 100.000000
4835.524781 7514.573812 100.000000
4835.524781 7729.340201 100.000000
4950.837930 463.162846 100.000000
4950.837930 788.786900 100.000000
4950.837930 970.408357 100.000000
4950.837930 1697.026093 100.000000
4950.837930 1774.245909 100.000000
4950.837930 1803.067832 100.000000
4950.837930 2417.134359 100.000000
4950.837930 2459.107040 100.000000
4950.837930 2987.392268 100.000000
4950.837930 3078.832716 100.000000
4950.837930 3143.752095 100.000000
4950.837930 3185.724776 100.000000
4950.837930 3805.450452 100.000000
4950.837930 4643.314855 100.000000
4950.837930 4757.177804 100.000000
4950.837930 5267.793403 100.000000
4950.837930 5483.795540 100.000000
4950.837930 5994.411139 100.000000
4950.837930 6117.645446 100.000000
4950.837930 6135.682367 100.000000
4950.837930 6575.404835 100.000000
4950.837930 6627.572266 100.000000
4950.837930 6787.956076 100.000000
4950.837930 6844.263181 100.000000
4950.837930 6862.300103 100.000000
4950.837930 7354.190001 100.000000
4950.837930 7514.573812 100.000000
4950.837930 7729.340201 100.000000
5874.719195 463.162846 100.000000
5874.719195 788.786900 100.000000
5874.719195 970.408357 100.000000
5874.719195 1697.026093 100.000000
5874.719195 1774.245909 100.000000
5874.719195 1803.067832 100.000000
5874.719195 2417.134359 100.000000
5874.719195 2459.107040 100.000000
5874.719195 2987.392268 100.000000
5874.719195 3078.832716 100.000000
5874.719195 3143.752095 100.000000
5874.719195 3185.724776 100.000000
5874.719195 3805.450452 100.000000
5874.719195 4643.314855 100.000000
5874.719195 4757.177804 100.000000
5874.719195 5267.793403 100.000000
5874.719195 5483.795540 100.000000
5874.719195 5994.411139 100.000000
5874.719195 6117.645446 100.000000
5874.719195 6135.682367 100.000000
5874.719195 6575.404835 100.000000
5874.719195 6627.572266 100.000000
5874.719195 6787.956076 100.000000
5874.719195 6844.263181 100.000000
5874.719195 6862.300103 100.000000
5874.719195 7354.190001 100.000000
5874.719195 7514.573812 100.000000
5874.719195 7729.340201 100.000000
6063.750138 463.162846 100.000000
6063.750138 788.786900 100.000000
6063.750138 970.408357 100.000000
6063.750138 1697.026093 100.000000
6063.750138 1774.245909 100.000000
6063.750138 1803.067832 100.000000
6063.750138 2417.134359 100.000000
6063.750138 2459.107040 100.000000
6063.750138 2987.392268 100.000000
6063.750138 3078.832716 100.000000
6063.750138 3143.752095 100.000000
6063.750138 3185.724776 100.000000
6063.750138 3805.450452 100.000000
6063.750138 4643.314855 100.000000
6063.750138 4757.177804 100.000000
6063.750138 5267.793403 100.000000
6063.750138 5483.795540 100.000000
6063.750138 5994.411139 100.000000
6063.750138 6117.645446 100.000000
6063.750138 6135.682367 100.000000
6063.750138 6575.404835 100.000000
6063.750138 6627.572266 100.000000
6063.750138 6787.956076 100.000000
6063.750138 6844.263181 100.000000
6063.750138 6862.300103 100.000000
6063.750138 7354.190001 100.000000
6063.750138 7514.573812 100.000000
6063.750138 7729.340201 100.000000
6601.336930 463.162846 100.000000
6601.336930 788.786900 100.000000
6601.336930 970.408357 100.000000
6601.336930 1697.026093 100.000000
6601.336930 1774.245909 100.000000
6601.336930 1803.067832 100.000000
6601.336930 2417.134359 100.000000
6601.336930 2459.107040 100.000000
6601.336930 2987.392268 100.000000
6601.336930 3078.832716 100.000000
6601.336930 3143.752095 100.000000
6601.336930 3185.724776 100.000000
6601.336930 3805.450452 100.000000
6601.336930 4643.314855 100.000000
6601.336930 4757.177804 100.000000
6601.336930 5267.793403 100.000000
6601.336930 5483.795540 100.000000
6601.336930 5994.411139 100.000000
6601.336930 6117.645446 100.000000
6601.336930 6135.682367 100.000000
6601.336930 6575.404835 100.000000
6601.336930 6627.572266 100.000000
6601.336930 6787.956076 100.000000
6601.336930 6844.263181 100.000000
6601.336930 6862.300103 100.000000
6601.336930 7354.190001 100.000000
6601.336930 7514.573812 100.000000
6601.336930 7729.340201 100.000000
6790.367873 463.162846 100.000000
6790.367873 788.786900 100.000000
6790.367873 970.408357 100.000000
6790.367873 1697.026093 100.000000
6790.367873 1774.245909 100.000000
6790.367873 1803.067832 100.000000
6790.367873 2417.134359 100.000000
6790.367873 2459.107040 100.000000
6790.367873 2987.392268 100.000000
6790.367873 3078.832716 100.000000
6790.367873 3143.752095 100.000000
6790.367873 3185.724776 100.000000
6790.367873 3805.450452 100.000000
6790.367873 4643.314855 100.000000
6790.367873 4757.177804 100.000000
6790.367873 5267.793403 100.000000
6790.367873 5483.795540 100.000000
6790.367873 5994.411139 100.000000
6790.367873 6117.645446 100.000000
6790.367873 6135.682367 100.000000
6790.367873 6575.404835 100.000000
6790.367873 6627.572266 100.000000
6790.367873 6787.956076 100.000000
6790.367873 6844.263181 100.000000
6790.367873 6862.300103 100.000000
6790.367873 7354.190001 100.000000
6790.367873 7514.573812 100.000000
6790.367873 7729.340201 100.000000
7186.755512 463.162846 100.000000
7186.755512 788.786900 100.000000
7186.755512 970.408357 100.000000
7186.755512 1697.026093 100.000000
7186.755512 1774.245909 100.000000
7186.755512 1803.067832 100.000000
7186.755512 2417.134359 100.000000
7186.755512 2459.107040 100.000000
7186.755512 2987.392268 100.000000
7186.755512 3078.832716 100.000000
7186.755512 3143.752095 100.000000
7186.755512 3185.724776 100.000000
7186.755512 3805.450452 100.000000
7186.755512 4643.314855 100.000000
7186.755512 4757.177804 100.000000
7186.755512 5267.793403 100.000000
7186.755512 5483.795540 100.000000
7186.755512 5994.411139 100.000000
7186.755512 6117.645446 100.000000
7186.755512 6135.682367 100.000000
7186.755512 6575.404835 100.000000
7186.755512 6627.572266 100.000000
7186.755512 6787.956076 100.000000
7186.755512 6844.263181 100.000000
7186.755512 6862.300103 100.000000
7186.755512 7354.190001 100.000000
7186.755512 7514.573812 100.000000
7186.755512 7729.340201 100.000000
8119.081160 463.162846 100.000000
8119.081160 788.786900 100.000000
8119.081160 970.408357 100.000000
8119.081160 1697.026093 100.000000
8119.081160 1774.245909 100.000000
8119.081160 1803.067832 100.000000
8119.081160 2417.134359 100.000000
8119.081160 2459.107040 100.000000
8119.081160 2987.392268 100.000000
8119.081160 3078.832716 100.000000
8119.081160 3143.752095 100.000000
8119.081160 3185.724776 100.000000
8119.081160 3805.450452 100.000000
8119.081160 4643.314855 100.000000
8119.081160 4757.177804 100.000000
8119.081160 5267.793403 100.000000
8119.081160 5483.795540 100.000000
8119.081160 5994.411139 100.000000
8119.081160 6117.645446 100.000000
8119.081160 6135.682367 100.000000
8119.081160 6575.404835 100.000000
8119.081160 6627.572266 100.000000
8119.081160 6787.956076 100.000000
8119.081160 6844.263181 100.000000
8119.081160 6862.300103 100.000000
8119.081160 7354.190001 100.000000
8119.081160 7514.573812 100.000000
8119.081160 7729.340201 100.000000
8189.819198 463.162846 100.000000
8189.819198 788.786900 100.000000
8189.819198 970.408357 100.000000
8189.819198 1697.026093 100.000000
8189.819198 1774.245909 100.000000
8189.819198 1803.067832 100.000000
8189.819198 2417.134359 100.000000
8189.819198 2459.107040 100.000000
8189.819198 2987.392268 100.000000
8189.819198 3078.832716 100.000000
8189.819198 3143.752095 100.000000
8189.819198 3185.724776 100.000000
8189.819198 3805.450452 100.000000
8189.819198 4643.314855 100.000000
8189.819198 4757.177804 100.000000
8189.819198 5267.793403 100.000000
8189.819198 5483.795540 100.000000
8189.819198 5994.411139 100.000000
8189.819198 6117.645446 100.000000
8189.819198 6135.682367 100.000000
8189.819198 6575.404835 100.000000
8189.819198 6627.572266 100.000000
8189.819198 6787.956076 100.000000
8189.819198 6844.263181 100.000000
8189.819198 6862.300103 100.000000
8189.819198 7354.190001 100.000000
8189.819198 7514.573812 100.000000
8189.819198 7729.340201 100.000000
8321.357080 463.162846 100.000000
8321.357080 788.786900 100.000000
8321.357080 970.408357 100.000000
8321.357080 1697.026093 100.000000
8321.357080 1774.245909 100.000000
8321.357080 1803.067832 100.000000
8321.357080 2417.134359 100.000000
8321.357080 2459.107040 100.000000
8321.357080 2987.392268 100.000000
8321.357080 3078.832716 100.000000
8321.357080 3143.752095 100.000000
8321.357080 3185.724776 100.000000
8321.357080 3805.450452 100.000000
8321.357080 4643.314855 100.000000
8321.357080 4757.177804 100.000000
8321.357080 5267.793403 100.000000
8321.357080 5483.795540 100.000000
8321.357080 5994.411139 100.000000
8321.357080 6117.645446 100.000000
8321.357080 6135.682367 100.000000
8321.357080 6575.404835 100.000000
8321.357080 6627.572266 100.000000
8321.357080 6787.956076 100.000000
8321.357080 6844.263181 100.000000
8321.357080 6862.300103 100.000000
8321.357080 7354.190001 100.000000
8321.357080 7514.573812 100.000000
8321.357080 7729.340201 100.000000
8456.124708 463.162846 100.000000
8456.124708 788.786900 100.000000
8456.124708 970.408357 100.000000
8456.124708 1697.026093 100.000000
8456.124708 1774.245909 100.000000
8456.124708 1803.067832 100.000000
8456.124708 2417.134359 100.000000
8456.124708 2459.107040 100.000000
8456.124708 2987.392268 100.000000
8456.124708 3078.832716 100.000000
8456.124708 3143.752095 100.000000
8456.124708 3185.724776 100.000000
8456.124708 3805.450452 100.000000
8456.124708 4643.314855 100.000000
8456.124708 4757.177804 100.000000
8456.124708 5267.793403 100.000000
8456.124708 5483.795540 100.000000
8456.124708 5994.411139 100.000000
8456.124708 6117.645446 100.000000
8456.124708 6135.682367 100.000000
8456.124708 6575.404835 100.000000
8456.124708 6627.572266 100.000000
8456.124708 6787.956076 100.000000
8456.124708 6844.263181 100.000000
8456.124708 6862.300103 100.000000
8456.124708 7354.190001 100.000000
8456.124708 7514.573812 100.000000
8456.124708 7729.340201 100.000000
8478.095771 463.162846 100.000000
8478.095771 788.786900 100.000000
8478.095771 970.408357 100.000000
8478.095771 1697.026093 100.000000
8478.095771 1774.245909 100.000000
8478.095771 1803.067832 100.000000
8478.095771 2417.134359 100.000000
8478.095771 2459.107040 100.000000
8478.095771 2987.392268 100.000000
8478.095771 3078.832716 100.000000
8478.095771 3143.752095 100.000000
8478.095771 3185.724776 100.000000
8478.095771 3805.450452 100.000000
8478.095771 4643.314855 100.000000
8478.095771 4757.177804 100.000000
8478.095771 5267.793403 100.000000
8478.095771 5483.795540 100.000000
8478.095771 5994.411139 100.000000
8478.095771 6117.645446 100.000000
8478.095771 6135.682367 100.000000
8478.095771 6575.404835 100.000000
8478.095771 6627.572266 100.000000
8478.095771 6787.956076 100.000000
8478.095771 6844.263181 100.000000
8478.095771 6862.300103 100.000000
8478.095771 7354.190001 100.000000
8478.095771 7514.573812 100.000000
8478.095771 7729.340201 100.000000
8916.436933 463.162846 100.000000
8916.436933 788.786900 100.000000
8916.436933 970.408357 100.000000
8916.436933 1697.026093 100.000000
8916.436933 1774.245909 100.000000
8916.436933 1803.067832 100.000000
8916.436933 2417.134359 100.000000
8916.436933 2459.107040 100.000000
8916.436933 2987.392268 100.000000
8916.436933 3078.832716 100.000000
8916.436933 3143.752095 100.000000
8916.436933 3185.724776 100.000000
8916.436933 3805.450452 100.000000
8916.436933 4643.314855 100.000000
8916.436933 4757.177804 100.000000
8916.436933 5267.793403 100.000000
8916.436933 5483.795540 100.000000
8916.436933 5994.411139 100.000000
8916.436933 6117.645446 100.000000
8916.436933 6135.682367 100.000000
8916.436933 6575.404835 100.000000
8916.436933 6627.572266 100.000000
8916.436933 6787.956076 100.000000
8916.436933 6844.263181 100.000000
8916.436933 6862.300103 100.000000
8916.436933 7354.190001 100.000000
8916.436933 7514.573812 100.000000
8916.436933 7729.340201 100.000000
9047.974815 463.162846 100.000000
9047.974815 788.786900 100.000000
9047.974815 970.408357 100.000000
9047.974815 1697.026093 100.000000
9047.974815 1774.245909 100.000000
9047.974815 1803.067832 100.000000
9047.974815 2417.134359 100.000000
9047.974815 2459.107040 100.000000
9047.974815 2987.392268 100.000000
9047.974815 3078.832716 100.000000
9047.974815 3143.752095 100.000000
9047.974815 3185.724776 100.000000
9047.974815 3805.450452 100.000000
9047.974815 4643.314855 100.000000
9047.974815 4757.177804 100.000000
9047.974815 5267.793403 100.000000
9047.974815 5483.795540 100.000000
9047.974815 5994.411139 100.000000
9047.974815 6117.645446 100.000000
9047.974815 6135.682367 100.000000
9047.974815 6575.404835 100.000000
9047.974815 6627.572266 100.000000
9047.974815 6787.956076 100.000000
9047.974815 6844.263181 100.000000
9047.974815 6862.300103 100.000000
9047.974815 7354.190001 100.000000
9047.974815 7514.573812 100.000000
9047.974815 7729.340201 100.000000
9182.742444 463.162846 100.000000
9182.742444 788.786900 100.000000
9182.742444 970.408357 100.000000
9182.742444 1697.026093 100.000000
9182.742444 1774.245909 100.000000
9182.742444 1803.067832 100.000000
9182.742444 2417.134359 100.000000
9182.742444 2459.107040 100.000000
9182.742444 2987.392268 100.000000
9182.742444 3078.832716 100.000000
9182.742444 3143.752095 100.000000
9182.742444 3185.724776 100.000000
9182.742444 3805.450452 100.000000
9182.742444 4643.314855 100.000000
9182.742444 4757.177804 100.000000
9182.742444 5267.793403 100.000000
9182.742444 5483.795540 100.000000
9182.742444 5994.411139 100.000000
9182.742444 6117.645446 100.000000
9182.742444 6135.682367 100.000000
9182.742444 6575.404835 100.000000
9182.742444 6627.572266 100.000000
9182.742444 6787.956076 100.000000
9182.742444 6844.263181 100.000000
9182.742444 6862.300103 100.000000
9182.742444 7354.190001 100.000000
9182.742444 7514.573812 100.000000
9182.742444 7729.340201 100.000000
9220.323751 463.162846 100.000000
9220.323751 788.786900 100.000000
9220.323751 970.408357 100.000000
9220.323751 1697.026093 100.000000
9220.323751 1774.245909 100.000000
9220.323751 1803.067832 100.000000
9220.323751 2417.134359 100.000000
9220.323751 2459.107040 100.000000
9220.323751 2987.392268 100.000000
9220.323751 3078.832716 100.000000
9220.323751 3143.752095 100.000000
9220.323751 3185.724776 100.000000
9220.323751 3805.450452 100.000000
9220.323751 4643.314855 100.000000
9220.323751 4757.177804 100.000000
9220.323751 5267.793403 100.000000
9220.323751 5483.795540 100.000000
9220.323751 5994.411139 100.000000
9220.323751 6117.645446 100.000000
9220.323751 6135.682367 100.000000
9220.323751 6575.404835 100.000000
9220.323751 6627.572266 100.000000
9220.323751 6787.956076 100.000000
9220.323751 6844.263181 100.000000
9220.323751 6862.300103 100.000000
9220.323751 7354.190001 100.000000
9220.323751 7514.573812 100.000000
9220.323751 7729.340201 100.000000
9264.020850 463.162846 100.000000
9264.020850 788.786900 100.000000
9264.020850 970.408357 100.000000
9264.020850 1697.026093 100.000000
9264.020850 1774.245909 100.000000
9264.020850 1803.067832 100.000000
9264.020850 2417.134359 100.000000
9264.020850 2459.107040 100.000000
9264.020850 2987.392268 100.000000
9264.020850 3078.832716 100.000000
9264.020850 3143.752095 100.000000
9264.020850 3185.724776 100.000000
9264.020850 3805.450452 100.000000
9264.020850 4643.314855 100.000000
9264.020850 4757.177804 100.000000
9264.020850 5267.793403 100.000000
9264.020850 5483.795540 100.000000
9264.020850 5994.411139 100.000000
9264.020850 6117.645446 100.000000
9264.020850 6135.682367 100.000000
9264.020850 6575.404835 100.000000
9264.020850 6627.572266 100.000000
9264.020850 6787.956076 100.000000
9264.020850 6844.263181 100.000000
9264.020850 6862.300103 100.000000
9264.020850 7354.190001 100.000000
9264.020850 7514.573812 100.000000
9264.020850 7729.340201 100.000000
