0 1 19.208430
1 2 33.686512
2 3 41.623563
3 4 33.686512
4 5 139.344714
5 6 33.686512
6 7 165.895608
7 8 33.686512
8 9 20.288978
9 10 22.714495
10 11 10.972017
11 12 22.714495
12 13 27.534155
13 14 33.686512
14 15 25.295515
15 16 33.686512
16 17 17.432246
17 18 27.025276
0 19 63.683946
1 20 63.683946
19 20 19.208430
2 21 63.683946
20 21 33.686512
3 22 63.683946
21 22 41.623563
4 23 63.683946
22 23 33.686512
5 24 63.683946
23 24 139.344714
6 25 63.683946
24 25 33.686512
7 26 63.683946
25 26 165.895608
8 27 63.683946
26 27 33.686512
9 28 63.683946
27 28 20.288978
10 29 63.683946
28 29 22.714495
11 30 63.683946
29 30 10.972017
12 31 63.683946
30 31 22.714495
13 32 63.683946
31 32 27.534155
14 33 63.683946
32 33 33.686512
15 34 63.683946
33 34 25.295515
16 35 63.683946
34 35 33.686512
17 36 63.683946
35 36 17.432246
18 37 63.683946
36 37 27.025276
19 38 18.396236
20 39 18.396236
38 39 19.208430
21 40 18.396236
39 40 33.686512
22 41 18.396236
40 41 41.623563
23 42 18.396236
41 42 33.686512
24 43 18.396236
42 43 139.344714
25 44 18.396236
43 44 33.686512
26 45 18.396236
44 45 165.895608
27 46 18.396236
45 46 101.059537
28 47 18.396236
46 47 20.288978
29 48 18.396236
47 48 22.714495
30 49 18.396236
48 49 10.972017
31 50 18.396236
49 50 22.714495
32 51 18.396236
50 51 27.534155
33 52 18.396236
51 52 33.686512
34 53 18.396236
52 53 25.295515
35 54 18.396236
53 54 33.686512
36 55 18.396236
54 55 17.432246
38 57 15.290276
39 58 15.290276
57 58 19.208430
40 59 15.290276
41 60 15.290276
59 60 41.623563
42 61 15.290276
60 61 33.686512
43 62 15.290276
61 62 139.344714
44 63 15.290276
62 63 33.686512
45 64 15.290276
63 64 165.895608
46 65 15.290276
64 65 33.686512
47 66 15.290276
65 66 20.288978
48 67 15.290276
66 67 22.714495
49 68 15.290276
67 68 10.972017
50 69 15.290276
68 69 22.714495
51 70 15.290276
69 70 27.534155
52 71 15.290276
70 71 33.686512
53 72 15.290276
71 72 25.295515
54 73 15.290276
72 73 33.686512
55 74 15.290276
73 74 17.432246
57 76 12.538025
58 77 12.538025
76 77 19.208430
59 78 12.538025
60 79 12.538025
78 79 41.623563
61 80 12.538025
79 80 33.686512
62 81 12.538025
80 81 139.344714
63 82 12.538025
81 82 33.686512
64 83 12.538025
82 83 165.895608
65 84 12.538025
83 84 33.686512
66 85 12.538025
84 85 20.288978
67 86 12.538025
85 86 22.714495
68 87 12.538025
86 87 10.972017
69 88 12.538025
87 88 22.714495
70 89 12.538025
88 89 27.534155
71 90 12.538025
89 90 33.686512
72 91 12.538025
90 91 25.295515
73 92 12.538025
91 92 33.686512
74 93 12.538025
92 93 17.432246
93 94 27.025276
76 95 33.686512
77 96 33.686512
95 96 19.208430
78 97 33.686512
96 97 33.686512
79 98 33.686512
97 98 41.623563
80 99 33.686512
98 99 33.686512
81 100 33.686512
99 100 139.344714
82 101 33.686512
100 101 33.686512
83 102 33.686512
101 102 165.895608
84 103 33.686512
102 103 33.686512
85 104 33.686512
103 104 20.288978
86 105 33.686512
104 105 22.714495
87 106 33.686512
105 106 10.972017
88 107 33.686512
106 107 22.714495
89 108 33.686512
107 108 27.534155
90 109 33.686512
108 109 33.686512
91 110 33.686512
109 110 25.295515
92 111 33.686512
110 111 33.686512
93 112 33.686512
111 112 17.432246
94 113 33.686512
112 113 27.025276
95 114 16.966289
96 115 16.966289
114 115 19.208430
97 116 16.966289
115 116 33.686512
98 117 16.966289
116 117 41.623563
99 118 16.966289
117 118 33.686512
100 119 16.966289
118 119 139.344714
101 120 16.966289
119 120 33.686512
102 121 16.966289
120 121 165.895608
103 122 16.966289
121 122 33.686512
104 123 16.966289
122 123 20.288978
105 124 16.966289
123 124 22.714495
106 125 16.966289
124 125 10.972017
107 126 16.966289
125 126 22.714495
108 127 16.966289
126 127 27.534155
109 128 16.966289
127 128 33.686512
110 129 16.966289
128 129 25.295515
111 130 16.966289
112 131 16.966289
130 131 17.432246
113 132 16.966289
131 132 27.025276
114 133 15.539303
115 134 15.539303
133 134 19.208430
116 135 15.539303
134 135 33.686512
117 136 15.539303
135 136 41.623563
118 137 15.539303
136 137 33.686512
119 138 15.539303
137 138 139.344714
120 139 15.539303
138 139 33.686512
121 140 15.539303
139 140 165.895608
122 141 15.539303
140 141 33.686512
123 142 15.539303
141 142 20.288978
124 143 46.617909
142 143 68.143485
125 144 15.539303
143 144 32.916052
126 145 15.539303
144 145 22.714495
127 146 15.539303
145 146 27.534155
128 147 15.539303
146 147 33.686512
129 148 15.539303
147 148 25.295515
130 149 15.539303
131 150 15.539303
149 150 17.432246
132 151 15.539303
150 151 27.025276
133 152 18.147209
134 153 18.147209
152 153 19.208430
135 154 18.147209
153 154 33.686512
136 155 18.147209
154 155 41.623563
137 156 18.147209
155 156 33.686512
138 157 18.147209
156 157 139.344714
139 158 18.147209
157 158 33.686512
140 159 18.147209
158 159 165.895608
141 160 18.147209
159 160 33.686512
142 161 18.147209
160 161 20.288978
143 162 54.441628
161 162 22.714495
144 163 54.441628
162 163 32.916052
145 164 18.147209
163 164 68.143485
146 165 18.147209
164 165 27.534155
147 166 18.147209
165 166 33.686512
148 167 18.147209
166 167 25.295515
149 168 18.147209
167 168 33.686512
150 169 18.147209
168 169 17.432246
151 170 18.147209
169 170 27.025276
152 171 15.539303
153 172 15.539303
171 172 19.208430
154 173 15.539303
172 173 33.686512
155 174 15.539303
173 174 41.623563
156 175 15.539303
174 175 33.686512
157 176 15.539303
175 176 139.344714
158 177 15.539303
176 177 33.686512
159 178 15.539303
177 178 165.895608
160 179 15.539303
178 179 33.686512
161 180 15.539303
179 180 20.288978
162 181 15.539303
180 181 22.714495
163 182 46.617909
181 182 10.972017
164 183 15.539303
182 183 22.714495
165 184 15.539303
183 184 27.534155
166 185 15.539303
184 185 33.686512
167 186 15.539303
185 186 25.295515
168 187 15.539303
186 187 33.686512
169 188 15.539303
187 188 17.432246
170 189 15.539303
188 189 27.025276
171 190 17.896824
172 191 17.896824
190 191 19.208430
173 192 17.896824
191 192 33.686512
174 193 17.896824
192 193 41.623563
175 194 17.896824
193 194 33.686512
176 195 17.896824
194 195 139.344714
177 196 17.896824
195 196 33.686512
178 197 17.896824
196 197 165.895608
179 198 17.896824
197 198 33.686512
180 199 17.896824
198 199 20.288978
181 200 17.896824
199 200 22.714495
182 201 17.896824
200 201 10.972017
183 202 17.896824
201 202 22.714495
184 203 17.896824
202 203 27.534155
185 204 17.896824
203 204 33.686512
186 205 17.896824
204 205 25.295515
187 206 17.896824
205 206 33.686512
188 207 17.896824
206 207 17.432246
189 208 17.896824
207 208 27.025276
190 209 33.686512
191 210 33.686512
209 210 19.208430
192 211 33.686512
210 211 33.686512
193 212 33.686512
211 212 41.623563
194 213 33.686512
212 213 33.686512
195 214 33.686512
213 214 139.344714
196 215 33.686512
214 215 33.686512
197 216 33.686512
215 216 165.895608
198 217 33.686512
216 217 33.686512
199 218 33.686512
217 218 20.288978
200 219 33.686512
218 219 22.714495
201 220 33.686512
219 220 10.972017
202 221 33.686512
220 221 22.714495
203 222 33.686512
221 222 27.534155
204 223 33.686512
222 223 33.686512
205 224 33.686512
223 224 25.295515
206 225 33.686512
224 225 33.686512
207 226 33.686512
225 226 17.432246
208 227 33.686512
226 227 27.025276
209 228 11.474404
210 229 11.474404
228 229 19.208430
211 230 11.474404
229 230 33.686512
212 231 11.474404
230 231 41.623563
213 232 11.474404
231 232 33.686512
214 233 11.474404
232 233 139.344714
215 234 11.474404
233 234 33.686512
216 235 11.474404
234 235 165.895608
217 236 11.474404
235 236 33.686512
218 237 11.474404
236 237 20.288978
219 238 11.474404
237 238 22.714495
220 239 11.474404
238 239 10.972017
221 240 11.474404
239 240 22.714495
222 241 11.474404
240 241 27.534155
223 242 11.474404
241 242 33.686512
224 243 11.474404
242 243 25.295515
225 244 11.474404
243 244 33.686512
226 245 11.474404
244 245 17.432246
227 246 11.474404
245 246 27.025276
228 247 33.686512
229 248 33.686512
247 248 19.208430
230 249 33.686512
248 249 33.686512
231 250 33.686512
249 250 41.623563
232 251 33.686512
250 251 33.686512
233 252 33.686512
251 252 139.344714
234 253 33.686512
252 253 33.686512
235 254 33.686512
253 254 165.895608
236 255 33.686512
254 255 33.686512
237 256 33.686512
255 256 20.288978
238 257 33.686512
256 257 22.714495
239 258 33.686512
257 258 10.972017
240 259 33.686512
258 259 22.714495
241 260 33.686512
259 260 27.534155
242 261 33.686512
260 261 33.686512
243 262 33.686512
261 262 25.295515
244 263 33.686512
262 263 33.686512
245 264 33.686512
263 264 17.432246
246 265 33.686512
264 265 27.025276
247 266 30.333771
248 267 30.333771
266 267 19.208430
249 268 30.333771
267 268 33.686512
250 269 30.333771
268 269 41.623563
251 270 30.333771
269 270 33.686512
252 271 30.333771
270 271 139.344714
253 272 30.333771
271 272 33.686512
254 273 30.333771
272 273 165.895608
255 274 30.333771
273 274 33.686512
256 275 30.333771
274 275 20.288978
257 276 30.333771
275 276 22.714495
260 279 30.333771
261 280 30.333771
279 280 33.686512
262 281 30.333771
280 281 25.295515
263 282 30.333771
281 282 33.686512
264 283 30.333771
282 283 17.432246
265 284 30.333771
283 284 27.025276
