8441.859611 4030.856973 0.000000
8441.859611 4050.065403 0.000000
8441.859611 4083.751915 0.000000
8441.859611 4125.375479 0.000000
8441.859611 4159.061991 0.000000
8441.859611 4298.406705 0.000000
8441.859611 4332.093217 0.000000
8441.859611 4497.988825 0.000000
8441.859611 4531.675338 0.000000
8441.859611 4551.964316 0.000000
8441.859611 4574.678811 0.000000
8441.859611 4585.650828 0.000000
8441.859611 4608.365323 0.000000
8441.859611 4635.899479 0.000000
8441.859611 4669.585991 0.000000
8441.859611 4694.881506 0.000000
8441.859611 4728.568018 0.000000
8441.859611 4746.000264 0.000000
8441.859611 4773.025540 0.000000
8505.543556 4030.856973 0.000000
8505.543556 4050.065403 0.000000
8505.543556 4083.751915 0.000000
8505.543556 4125.375479 0.000000
8505.543556 4159.061991 0.000000
8505.543556 4298.406705 0.000000
8505.543556 4332.093217 0.000000
8505.543556 4497.988825 0.000000
8505.543556 4531.675338 0.000000
8505.543556 4551.964316 0.000000
8505.543556 4574.678811 0.000000
8505.543556 4585.650828 0.000000
8505.543556 4608.365323 0.000000
8505.543556 4635.899479 0.000000
8505.543556 4669.585991 0.000000
8505.543556 4694.881506 0.000000
8505.543556 4728.568018 0.000000
8505.543556 4746.000264 0.000000
8505.543556 4773.025540 0.000000
8523.939793 4030.856973 0.000000
8523.939793 4050.065403 0.000000
8523.939793 4083.751915 0.000000
8523.939793 4125.375479 0.000000
8523.939793 4159.061991 0.000000
8523.939793 4298.406705 0.000000
8523.939793 4332.093217 0.000000
8523.939793 4497.988825 0.000000
8523.939793 4531.675338 0.000000
8523.939793 4551.964316 0.000000
8523.939793 4574.678811 0.000000
8523.939793 4585.650828 0.000000
8523.939793 4608.365323 0.000000
8523.939793 4635.899479 0.000000
8523.939793 4669.585991 0.000000
8523.939793 4694.881506 0.000000
8523.939793 4728.568018 0.000000
8523.939793 4746.000264 0.000000
8523.939793 4773.025540 0.000000
8539.230069 4030.856973 0.000000
8539.230069 4050.065403 0.000000
8539.230069 4083.751915 0.000000
8539.230069 4125.375479 0.000000
8539.230069 4159.061991 0.000000
8539.230069 4298.406705 0.000000
8539.230069 4332.093217 0.000000
8539.230069 4497.988825 0.000000
8539.230069 4531.675338 0.000000
8539.230069 4551.964316 0.000000
8539.230069 4574.678811 0.000000
8539.230069 4585.650828 0.000000
8539.230069 4608.365323 0.000000
8539.230069 4635.899479 0.000000
8539.230069 4669.585991 0.000000
8539.230069 4694.881506 0.000000
8539.230069 4728.568018 0.000000
8539.230069 4746.000264 0.000000
8539.230069 4773.025540 0.000000
8551.768094 4030.856973 0.000000
8551.768094 4050.065403 0.000000
8551.768094 4083.751915 0.000000
8551.768094 4125.375479 0.000000
8551.768094 4159.061991 0.000000
8551.768094 4298.406705 0.000000
8551.768094 4332.093217 0.000000
8551.768094 4497.988825 0.000000
8551.768094 4531.675338 0.000000
8551.768094 4551.964316 0.000000
8551.768094 4574.678811 0.000000
8551.768094 4585.650828 0.000000
8551.768094 4608.365323 0.000000
8551.768094 4635.899479 0.000000
8551.768094 4669.585991 0.000000
8551.768094 4694.881506 0.000000
8551.768094 4728.568018 0.000000
8551.768094 4746.000264 0.000000
8551.768094 4773.025540 0.000000
8585.454606 4030.856973 0.000000
8585.454606 4050.065403 0.000000
8585.454606 4083.751915 0.000000
8585.454606 4125.375479 0.000000
8585.454606 4159.061991 0.000000
8585.454606 4298.406705 0.000000
8585.454606 4332.093217 0.000000
8585.454606 4497.988825 0.000000
8585.454606 4531.675338 0.000000
8585.454606 4551.964316 0.000000
8585.454606 4574.678811 0.000000
8585.454606 4585.650828 0.000000
8585.454606 4608.365323 0.000000
8585.454606 4635.899479 0.000000
8585.454606 4669.585991 0.000000
8585.454606 4694.881506 0.000000
8585.454606 4728.568018 0.000000
8585.454606 4746.000264 0.000000
8585.454606 4773.025540 0.000000
8602.420895 4030.856973 0.000000
8602.420895 4050.065403 0.000000
8602.420895 4083.751915 0.000000
8602.420895 4125.375479 0.000000
8602.420895 4159.061991 0.000000
8602.420895 4298.406705 0.000000
8602.420895 4332.093217 0.000000
8602.420895 4497.988825 0.000000
8602.420895 4531.675338 0.000000
8602.420895 4551.964316 0.000000
8602.420895 4574.678811 0.000000
8602.420895 4585.650828 0.000000
8602.420895 4608.365323 0.000000
8602.420895 4635.899479 0.000000
8602.420895 4669.585991 0.000000
8602.420895 4694.881506 0.000000
8602.420895 4728.568018 0.000000
8602.420895 4746.000264 0.000000
8602.420895 4773.025540 0.000000
8617.960198 4030.856973 0.000000
8617.960198 4050.065403 0.000000
8617.960198 4083.751915 0.000000
8617.960198 4125.375479 0.000000
8617.960198 4159.061991 0.000000
8617.960198 4298.406705 0.000000
8617.960198 4332.093217 0.000000
8617.960198 4497.988825 0.000000
8617.960198 4531.675338 0.000000
8617.960198 4551.964316 0.000000
8617.960198 4574.678811 0.000000
8617.960198 4585.650828 0.000000
8617.960198 4608.365323 0.000000
8617.960198 4635.899479 0.000000
8617.960198 4669.585991 0.000000
8617.960198 4694.881506 0.000000
8617.960198 4728.568018 0.000000
8617.960198 4746.000264 0.000000
8617.960198 4773.025540 0.000000
8636.107407 4030.856973 0.000000
8636.107407 4050.065403 0.000000
8636.107407 4083.751915 0.000000
8636.107407 4125.375479 0.000000
8636.107407 4159.061991 0.000000
8636.107407 4298.406705 0.000000
8636.107407 4332.093217 0.000000
8636.107407 4497.988825 0.000000
8636.107407 4531.675338 0.000000
8636.107407 4551.964316 0.000000
8636.107407 4574.678811 0.000000
8636.107407 4585.650828 0.000000
8636.107407 4608.365323 0.000000
8636.107407 4635.899479 0.000000
8636.107407 4669.585991 0.000000
8636.107407 4694.881506 0.000000
8636.107407 4728.568018 0.000000
8636.107407 4746.000264 0.000000
8636.107407 4773.025540 0.000000
8651.646710 4030.856973 0.000000
8651.646710 4050.065403 0.000000
8651.646710 4083.751915 0.000000
8651.646710 4125.375479 0.000000
8651.646710 4159.061991 0.000000
8651.646710 4298.406705 0.000000
8651.646710 4332.093217 0.000000
8651.646710 4497.988825 0.000000
8651.646710 4531.675338 0.000000
8651.646710 4551.964316 0.000000
8651.646710 4574.678811 0.000000
8651.646710 4585.650828 0.000000
8651.646710 4608.365323 0.000000
8651.646710 4635.899479 0.000000
8651.646710 4669.585991 0.000000
8651.646710 4694.881506 0.000000
8651.646710 4728.568018 0.000000
8651.646710 4746.000264 0.000000
8651.646710 4773.025540 0.000000
8669.543535 4030.856973 0.000000
8669.543535 4050.065403 0.000000
8669.543535 4083.751915 0.000000
8669.543535 4125.375479 0.000000
8669.543535 4159.061991 0.000000
8669.543535 4298.406705 0.000000
8669.543535 4332.093217 0.000000
8669.543535 4497.988825 0.000000
8669.543535 4531.675338 0.000000
8669.543535 4551.964316 0.000000
8669.543535 4574.678811 0.000000
8669.543535 4585.650828 0.000000
8669.543535 4608.365323 0.000000
8669.543535 4635.899479 0.000000
8669.543535 4669.585991 0.000000
8669.543535 4694.881506 0.000000
8669.543535 4728.568018 0.000000
8669.543535 4746.000264 0.000000
8669.543535 4773.025540 0.000000
8703.230047 4030.856973 0.000000
8703.230047 4050.065403 0.000000
8703.230047 4083.751915 0.000000
8703.230047 4125.375479 0.000000
8703.230047 4159.061991 0.000000
8703.230047 4298.406705 0.000000
8703.230047 4332.093217 0.000000
8703.230047 4497.988825 0.000000
8703.230047 4531.675338 0.000000
8703.230047 4551.964316 0.000000
8703.230047 4574.678811 0.000000
8703.230047 4585.650828 0.000000
8703.230047 4608.365323 0.000000
8703.230047 4635.899479 0.000000
8703.230047 4669.585991 0.000000
8703.230047 4694.881506 0.000000
8703.230047 4728.568018 0.000000
8703.230047 4746.000264 0.000000
8703.230047 4773.025540 0.000000
8714.704451 4030.856973 0.000000
8714.704451 4050.065403 0.000000
8714.704451 4083.751915 0.000000
8714.704451 4125.375479 0.000000
8714.704451 4159.061991 0.000000
8714.704451 4298.406705 0.000000
8714.704451 4332.093217 0.000000
8714.704451 4497.988825 0.000000
8714.704451 4531.675338 0.000000
8714.704451 4551.964316 0.000000
8714.704451 4574.678811 0.000000
8714.704451 4585.650828 0.000000
8714.704451 4608.365323 0.000000
8714.704451 4635.899479 0.000000
8714.704451 4669.585991 0.000000
8714.704451 4694.881506 0.000000
8714.704451 4728.568018 0.000000
8714.704451 4746.000264 0.000000
8714.704451 4773.025540 0.000000
8748.390963 4030.856973 0.000000
8748.390963 4050.065403 0.000000
8748.390963 4083.751915 0.000000
8748.390963 4125.375479 0.000000
8748.390963 4159.061991 0.000000
8748.390963 4298.406705 0.000000
8748.390963 4332.093217 0.000000
8748.390963 4497.988825 0.000000
8748.390963 4531.675338 0.000000
8748.390963 4551.964316 0.000000
8748.390963 4574.678811 0.000000
8748.390963 4585.650828 0.000000
8748.390963 4608.365323 0.000000
8748.390963 4635.899479 0.000000
8748.390963 4669.585991 0.000000
8748.390963 4694.881506 0.000000
8748.390963 4728.568018 0.000000
8748.390963 4746.000264 0.000000
8748.390963 4773.025540 0.000000
8778.724734 4030.856973 0.000000
8778.724734 4050.065403 0.000000
8778.724734 4083.751915 0.000000
8778.724734 4125.375479 0.000000
8778.724734 4159.061991 0.000000
8778.724734 4298.406705 0.000000
8778.724734 4332.093217 0.000000
8778.724734 4497.988825 0.000000
8778.724734 4531.675338 0.000000
8778.724734 4551.964316 0.000000
8778.724734 4574.678811 0.000000
8778.724734 4585.650828 0.000000
8778.724734 4608.365323 0.000000
8778.724734 4635.899479 0.000000
8778.724734 4669.585991 0.000000
8778.724734 4694.881506 0.000000
8778.724734 4728.568018 0.000000
8778.724734 4746.000264 0.000000
8778.724734 4773.025540 0.000000
