4472.173296 1850.879207 0.000000
4472.173296 2206.609941 0.000000
4472.173296 2243.272419 0.000000
4472.173296 2272.428541 0.000000
4472.173296 2354.149327 0.000000
4472.173296 2404.669225 0.000000
4472.173296 2462.577931 0.000000
4472.173296 2499.240409 0.000000
4472.173296 2528.396531 0.000000
4472.173296 2606.600072 0.000000
4472.173296 2660.637215 0.000000
4472.173296 2796.910963 0.000000
4472.173296 2835.765318 0.000000
4472.173296 2862.568062 0.000000
4472.173296 2933.157214 0.000000
4472.173296 3052.878953 0.000000
4472.173296 3091.733308 0.000000
4472.173296 3160.514639 0.000000
4472.173296 3189.125204 0.000000
4472.173296 3416.482629 0.000000
4472.173296 3598.830387 0.000000
4472.173296 3854.798377 0.000000
4472.173296 4664.918980 0.000000
4472.173296 4785.237520 0.000000
4472.173296 4890.381708 0.000000
4472.173296 4920.886970 0.000000
4472.173296 5041.205509 0.000000
4472.173296 5146.349698 0.000000
4472.173296 5159.545847 0.000000
4472.173296 5231.996967 0.000000
4472.173296 5415.513837 0.000000
4472.173296 5487.964957 0.000000
4472.173296 5641.650539 0.000000
4472.173296 5897.618529 0.000000
4472.173296 6157.163137 0.000000
4472.173296 6217.981106 0.000000
4472.173296 6413.131127 0.000000
4472.173296 6427.208132 0.000000
4472.173296 6473.949096 0.000000
4557.738813 1850.879207 0.000000
4557.738813 2206.609941 0.000000
4557.738813 2243.272419 0.000000
4557.738813 2272.428541 0.000000
4557.738813 2354.149327 0.000000
4557.738813 2404.669225 0.000000
4557.738813 2462.577931 0.000000
4557.738813 2499.240409 0.000000
4557.738813 2528.396531 0.000000
4557.738813 2606.600072 0.000000
4557.738813 2660.637215 0.000000
4557.738813 2796.910963 0.000000
4557.738813 2835.765318 0.000000
4557.738813 2862.568062 0.000000
4557.738813 2933.157214 0.000000
4557.738813 3052.878953 0.000000
4557.738813 3091.733308 0.000000
4557.738813 3160.514639 0.000000
4557.738813 3189.125204 0.000000
4557.738813 3416.482629 0.000000
4557.738813 3598.830387 0.000000
4557.738813 3854.798377 0.000000
4557.738813 4664.918980 0.000000
4557.738813 4785.237520 0.000000
4557.738813 4890.381708 0.000000
4557.738813 4920.886970 0.000000
4557.738813 5041.205509 0.000000
4557.738813 5146.349698 0.000000
4557.738813 5159.545847 0.000000
4557.738813 5231.996967 0.000000
4557.738813 5415.513837 0.000000
4557.738813 5487.964957 0.000000
4557.738813 5641.650539 0.000000
4557.738813 5897.618529 0.000000
4557.738813 6157.163137 0.000000
4557.738813 6217.981106 0.000000
4557.738813 6413.131127 0.000000
4557.738813 6427.208132 0.000000
4557.738813 6473.949096 0.000000
4689.139985 1850.879207 0.000000
4689.139985 2206.609941 0.000000
4689.139985 2243.272419 0.000000
4689.139985 2272.428541 0.000000
4689.139985 2354.149327 0.000000
4689.139985 2404.669225 0.000000
4689.139985 2462.577931 0.000000
4689.139985 2499.240409 0.000000
4689.139985 2528.396531 0.000000
4689.139985 2606.600072 0.000000
4689.139985 2660.637215 0.000000
4689.139985 2796.910963 0.000000
4689.139985 2835.765318 0.000000
4689.139985 2862.568062 0.000000
4689.139985 2933.157214 0.000000
4689.139985 3052.878953 0.000000
4689.139985 3091.733308 0.000000
4689.139985 3160.514639 0.000000
4689.139985 3189.125204 0.000000
4689.139985 3416.482629 0.000000
4689.139985 3598.830387 0.000000
4689.139985 3854.798377 0.000000
4689.139985 4664.918980 0.000000
4689.139985 4785.237520 0.000000
4689.139985 4890.381708 0.000000
4689.139985 4920.886970 0.000000
4689.139985 5041.205509 0.000000
4689.139985 5146.349698 0.000000
4689.139985 5159.545847 0.000000
4689.139985 5231.996967 0.000000
4689.139985 5415.513837 0.000000
4689.139985 5487.964957 0.000000
4689.139985 5641.650539 0.000000
4689.139985 5897.618529 0.000000
4689.139985 6157.163137 0.000000
4689.139985 6217.981106 0.000000
4689.139985 6413.131127 0.000000
4689.139985 6427.208132 0.000000
4689.139985 6473.949096 0.000000
4813.706803 1850.879207 0.000000
4813.706803 2206.609941 0.000000
4813.706803 2243.272419 0.000000
4813.706803 2272.428541 0.000000
4813.706803 2354.149327 0.000000
4813.706803 2404.669225 0.000000
4813.706803 2462.577931 0.000000
4813.706803 2499.240409 0.000000
4813.706803 2528.396531 0.000000
4813.706803 2606.600072 0.000000
4813.706803 2660.637215 0.000000
4813.706803 2796.910963 0.000000
4813.706803 2835.765318 0.000000
4813.706803 2862.568062 0.000000
4813.706803 2933.157214 0.000000
4813.706803 3052.878953 0.000000
4813.706803 3091.733308 0.000000
4813.706803 3160.514639 0.000000
4813.706803 3189.125204 0.000000
4813.706803 3416.482629 0.000000
4813.706803 3598.830387 0.000000
4813.706803 3854.798377 0.000000
4813.706803 4664.918980 0.000000
4813.706803 4785.237520 0.000000
4813.706803 4890.381708 0.000000
4813.706803 4920.886970 0.000000
4813.706803 5041.205509 0.000000
4813.706803 5146.349698 0.000000
4813.706803 5159.545847 0.000000
4813.706803 5231.996967 0.000000
4813.706803 5415.513837 0.000000
4813.706803 5487.964957 0.000000
4813.706803 5641.650539 0.000000
4813.706803 5897.618529 0.000000
4813.706803 6157.163137 0.000000
4813.706803 6217.981106 0.000000
4813.706803 6413.131127 0.000000
4813.706803 6427.208132 0.000000
4813.706803 6473.949096 0.000000
4835.056289 1850.879207 0.000000
4835.056289 2206.609941 0.000000
4835.056289 2243.272419 0.000000
4835.056289 2272.428541 0.000000
4835.056289 2354.149327 0.000000
4835.056289 2404.669225 0.000000
4835.056289 2462.577931 0.000000
4835.056289 2499.240409 0.000000
4835.056289 2528.396531 0.000000
4835.056289 2606.600072 0.000000
4835.056289 2660.637215 0.000000
4835.056289 2796.910963 0.000000
4835.056289 2835.765318 0.000000
4835.056289 2862.568062 0.000000
4835.056289 2933.157214 0.000000
4835.056289 3052.878953 0.000000
4835.056289 3091.733308 0.000000
4835.056289 3160.514639 0.000000
4835.056289 3189.125204 0.000000
4835.056289 3416.482629 0.000000
4835.056289 3598.830387 0.000000
4835.056289 3854.798377 0.000000
4835.056289 4664.918980 0.000000
4835.056289 4785.237520 0.000000
4835.056289 4890.381708 0.000000
4835.056289 4920.886970 0.000000
4835.056289 5041.205509 0.000000
4835.056289 5146.349698 0.000000
4835.056289 5159.545847 0.000000
4835.056289 5231.996967 0.000000
4835.056289 5415.513837 0.000000
4835.056289 5487.964957 0.000000
4835.056289 5641.650539 0.000000
4835.056289 5897.618529 0.000000
4835.056289 6157.163137 0.000000
4835.056289 6217.981106 0.000000
4835.056289 6413.131127 0.000000
4835.056289 6427.208132 0.000000
4835.056289 6473.949096 0.000000
4945.107975 1850.879207 0.000000
4945.107975 2206.609941 0.000000
4945.107975 2243.272419 0.000000
4945.107975 2272.428541 0.000000
4945.107975 2354.149327 0.000000
4945.107975 2404.669225 0.000000
4945.107975 2462.577931 0.000000
4945.107975 2499.240409 0.000000
4945.107975 2528.396531 0.000000
4945.107975 2606.600072 0.000000
4945.107975 2660.637215 0.000000
4945.107975 2796.910963 0.000000
4945.107975 2835.765318 0.000000
4945.107975 2862.568062 0.000000
4945.107975 2933.157214 0.000000
4945.107975 3052.878953 0.000000
4945.107975 3091.733308 0.000000
4945.107975 3160.514639 0.000000
4945.107975 3189.125204 0.000000
4945.107975 3416.482629 0.000000
4945.107975 3598.830387 0.000000
4945.107975 3854.798377 0.000000
4945.107975 4664.918980 0.000000
4945.107975 4785.237520 0.000000
4945.107975 4890.381708 0.000000
4945.107975 4920.886970 0.000000
4945.107975 5041.205509 0.000000
4945.107975 5146.349698 0.000000
4945.107975 5159.545847 0.000000
4945.107975 5231.996967 0.000000
4945.107975 5415.513837 0.000000
4945.107975 5487.964957 0.000000
4945.107975 5641.650539 0.000000
4945.107975 5897.618529 0.000000
4945.107975 6157.163137 0.000000
4945.107975 6217.981106 0.000000
4945.107975 6413.131127 0.000000
4945.107975 6427.208132 0.000000
4945.107975 6473.949096 0.000000
4984.258105 1850.879207 0.000000
4984.258105 2206.609941 0.000000
4984.258105 2243.272419 0.000000
4984.258105 2272.428541 0.000000
4984.258105 2354.149327 0.000000
4984.258105 2404.669225 0.000000
4984.258105 2462.577931 0.000000
4984.258105 2499.240409 0.000000
4984.258105 2528.396531 0.000000
4984.258105 2606.600072 0.000000
4984.258105 2660.637215 0.000000
4984.258105 2796.910963 0.000000
4984.258105 2835.765318 0.000000
4984.258105 2862.568062 0.000000
4984.258105 2933.157214 0.000000
4984.258105 3052.878953 0.000000
4984.258105 3091.733308 0.000000
4984.258105 3160.514639 0.000000
4984.258105 3189.125204 0.000000
4984.258105 3416.482629 0.000000
4984.258105 3598.830387 0.000000
4984.258105 3854.798377 0.000000
4984.258105 4664.918980 0.000000
4984.258105 4785.237520 0.000000
4984.258105 4890.381708 0.000000
4984.258105 4920.886970 0.000000
4984.258105 5041.205509 0.000000
4984.258105 5146.349698 0.000000
4984.258105 5159.545847 0.000000
4984.258105 5231.996967 0.000000
4984.258105 5415.513837 0.000000
4984.258105 5487.964957 0.000000
4984.258105 5641.650539 0.000000
4984.258105 5897.618529 0.000000
4984.258105 6157.163137 0.000000
4984.258105 6217.981106 0.000000
4984.258105 6413.131127 0.000000
4984.258105 6427.208132 0.000000
4984.258105 6473.949096 0.000000
5062.717203 1850.879207 0.000000
5062.717203 2206.609941 0.000000
5062.717203 2243.272419 0.000000
5062.717203 2272.428541 0.000000
5062.717203 2354.149327 0.000000
5062.717203 2404.669225 0.000000
5062.717203 2462.577931 0.000000
5062.717203 2499.240409 0.000000
5062.717203 2528.396531 0.000000
5062.717203 2606.600072 0.000000
5062.717203 2660.637215 0.000000
5062.717203 2796.910963 0.000000
5062.717203 2835.765318 0.000000
5062.717203 2862.568062 0.000000
5062.717203 2933.157214 0.000000
5062.717203 3052.878953 0.000000
5062.717203 3091.733308 0.000000
5062.717203 3160.514639 0.000000
5062.717203 3189.125204 0.000000
5062.717203 3416.482629 0.000000
5062.717203 3598.830387 0.000000
5062.717203 3854.798377 0.000000
5062.717203 4664.918980 0.000000
5062.717203 4785.237520 0.000000
5062.717203 4890.381708 0.000000
5062.717203 4920.886970 0.000000
5062.717203 5041.205509 0.000000
5062.717203 5146.349698 0.000000
5062.717203 5159.545847 0.000000
5062.717203 5231.996967 0.000000
5062.717203 5415.513837 0.000000
5062.717203 5487.964957 0.000000
5062.717203 5641.650539 0.000000
5062.717203 5897.618529 0.000000
5062.717203 6157.163137 0.000000
5062.717203 6217.981106 0.000000
5062.717203 6413.131127 0.000000
5062.717203 6427.208132 0.000000
5062.717203 6473.949096 0.000000
5091.024278 1850.879207 0.000000
5091.024278 2206.609941 0.000000
5091.024278 2243.272419 0.000000
5091.024278 2272.428541 0.000000
5091.024278 2354.149327 0.000000
5091.024278 2404.669225 0.000000
5091.024278 2462.577931 0.000000
5091.024278 2499.240409 0.000000
5091.024278 2528.396531 0.000000
5091.024278 2606.600072 0.000000
5091.024278 2660.637215 0.000000
5091.024278 2796.910963 0.000000
5091.024278 2835.765318 0.000000
5091.024278 2862.568062 0.000000
5091.024278 2933.157214 0.000000
5091.024278 3052.878953 0.000000
5091.024278 3091.733308 0.000000
5091.024278 3160.514639 0.000000
5091.024278 3189.125204 0.000000
5091.024278 3416.482629 0.000000
5091.024278 3598.830387 0.000000
5091.024278 3854.798377 0.000000
5091.024278 4664.918980 0.000000
5091.024278 4785.237520 0.000000
5091.024278 4890.381708 0.000000
5091.024278 4920.886970 0.000000
5091.024278 5041.205509 0.000000
5091.024278 5146.349698 0.000000
5091.024278 5159.545847 0.000000
5091.024278 5231.996967 0.000000
5091.024278 5415.513837 0.000000
5091.024278 5487.964957 0.000000
5091.024278 5641.650539 0.000000
5091.024278 5897.618529 0.000000
5091.024278 6157.163137 0.000000
5091.024278 6217.981106 0.000000
5091.024278 6413.131127 0.000000
5091.024278 6427.208132 0.000000
5091.024278 6473.949096 0.000000
5121.764050 1850.879207 0.000000
5121.764050 2206.609941 0.000000
5121.764050 2243.272419 0.000000
5121.764050 2272.428541 0.000000
5121.764050 2354.149327 0.000000
5121.764050 2404.669225 0.000000
5121.764050 2462.577931 0.000000
5121.764050 2499.240409 0.000000
5121.764050 2528.396531 0.000000
5121.764050 2606.600072 0.000000
5121.764050 2660.637215 0.000000
5121.764050 2796.910963 0.000000
5121.764050 2835.765318 0.000000
5121.764050 2862.568062 0.000000
5121.764050 2933.157214 0.000000
5121.764050 3052.878953 0.000000
5121.764050 3091.733308 0.000000
5121.764050 3160.514639 0.000000
5121.764050 3189.125204 0.000000
5121.764050 3416.482629 0.000000
5121.764050 3598.830387 0.000000
5121.764050 3854.798377 0.000000
5121.764050 4664.918980 0.000000
5121.764050 4785.237520 0.000000
5121.764050 4890.381708 0.000000
5121.764050 4920.886970 0.000000
5121.764050 5041.205509 0.000000
5121.764050 5146.349698 0.000000
5121.764050 5159.545847 0.000000
5121.764050 5231.996967 0.000000
5121.764050 5415.513837 0.000000
5121.764050 5487.964957 0.000000
5121.764050 5641.650539 0.000000
5121.764050 5897.618529 0.000000
5121.764050 6157.163137 0.000000
5121.764050 6217.981106 0.000000
5121.764050 6413.131127 0.000000
5121.764050 6427.208132 0.000000
5121.764050 6473.949096 0.000000
5234.722523 1850.879207 0.000000
5234.722523 2206.609941 0.000000
5234.722523 2243.272419 0.000000
5234.722523 2272.428541 0.000000
5234.722523 2354.149327 0.000000
5234.722523 2404.669225 0.000000
5234.722523 2462.577931 0.000000
5234.722523 2499.240409 0.000000
5234.722523 2528.396531 0.000000
5234.722523 2606.600072 0.000000
5234.722523 2660.637215 0.000000
5234.722523 2796.910963 0.000000
5234.722523 2835.765318 0.000000
5234.722523 2862.568062 0.000000
5234.722523 2933.157214 0.000000
5234.722523 3052.878953 0.000000
5234.722523 3091.733308 0.000000
5234.722523 3160.514639 0.000000
5234.722523 3189.125204 0.000000
5234.722523 3416.482629 0.000000
5234.722523 3598.830387 0.000000
5234.722523 3854.798377 0.000000
5234.722523 4664.918980 0.000000
5234.722523 4785.237520 0.000000
5234.722523 4890.381708 0.000000
5234.722523 4920.886970 0.000000
5234.722523 5041.205509 0.000000
5234.722523 5146.349698 0.000000
5234.722523 5159.545847 0.000000
5234.722523 5231.996967 0.000000
5234.722523 5415.513837 0.000000
5234.722523 5487.964957 0.000000
5234.722523 5641.650539 0.000000
5234.722523 5897.618529 0.000000
5234.722523 6157.163137 0.000000
5234.722523 6217.981106 0.000000
5234.722523 6413.131127 0.000000
5234.722523 6427.208132 0.000000
5234.722523 6473.949096 0.000000
5318.685193 1850.879207 0.000000
5318.685193 2206.609941 0.000000
5318.685193 2243.272419 0.000000
5318.685193 2272.428541 0.000000
5318.685193 2354.149327 0.000000
5318.685193 2404.669225 0.000000
5318.685193 2462.577931 0.000000
5318.685193 2499.240409 0.000000
5318.685193 2528.396531 0.000000
5318.685193 2606.600072 0.000000
5318.685193 2660.637215 0.000000
5318.685193 2796.910963 0.000000
5318.685193 2835.765318 0.000000
5318.685193 2862.568062 0.000000
5318.685193 2933.157214 0.000000
5318.685193 3052.878953 0.000000
5318.685193 3091.733308 0.000000
5318.685193 3160.514639 0.000000
5318.685193 3189.125204 0.000000
5318.685193 3416.482629 0.000000
5318.685193 3598.830387 0.000000
5318.685193 3854.798377 0.000000
5318.685193 4664.918980 0.000000
5318.685193 4785.237520 0.000000
5318.685193 4890.381708 0.000000
5318.685193 4920.886970 0.000000
5318.685193 5041.205509 0.000000
5318.685193 5146.349698 0.000000
5318.685193 5159.545847 0.000000
5318.685193 5231.996967 0.000000
5318.685193 5415.513837 0.000000
5318.685193 5487.964957 0.000000
5318.685193 5641.650539 0.000000
5318.685193 5897.618529 0.000000
5318.685193 6157.163137 0.000000
5318.685193 6217.981106 0.000000
5318.685193 6413.131127 0.000000
5318.685193 6427.208132 0.000000
5318.685193 6473.949096 0.000000
5374.613214 1850.879207 0.000000
5374.613214 2206.609941 0.000000
5374.613214 2243.272419 0.000000
5374.613214 2272.428541 0.000000
5374.613214 2354.149327 0.000000
5374.613214 2404.669225 0.000000
5374.613214 2462.577931 0.000000
5374.613214 2499.240409 0.000000
5374.613214 2528.396531 0.000000
5374.613214 2606.600072 0.000000
5374.613214 2660.637215 0.000000
5374.613214 2796.910963 0.000000
5374.613214 2835.765318 0.000000
5374.613214 2862.568062 0.000000
5374.613214 2933.157214 0.000000
5374.613214 3052.878953 0.000000
5374.613214 3091.733308 0.000000
5374.613214 3160.514639 0.000000
5374.613214 3189.125204 0.000000
5374.613214 3416.482629 0.000000
5374.613214 3598.830387 0.000000
5374.613214 3854.798377 0.000000
5374.613214 4664.918980 0.000000
5374.613214 4785.237520 0.000000
5374.613214 4890.381708 0.000000
5374.613214 4920.886970 0.000000
5374.613214 5041.205509 0.000000
5374.613214 5146.349698 0.000000
5374.613214 5159.545847 0.000000
5374.613214 5231.996967 0.000000
5374.613214 5415.513837 0.000000
5374.613214 5487.964957 0.000000
5374.613214 5641.650539 0.000000
5374.613214 5897.618529 0.000000
5374.613214 6157.163137 0.000000
5374.613214 6217.981106 0.000000
5374.613214 6413.131127 0.000000
5374.613214 6427.208132 0.000000
5374.613214 6473.949096 0.000000
5490.690513 1850.879207 0.000000
5490.690513 2206.609941 0.000000
5490.690513 2243.272419 0.000000
5490.690513 2272.428541 0.000000
5490.690513 2354.149327 0.000000
5490.690513 2404.669225 0.000000
5490.690513 2462.577931 0.000000
5490.690513 2499.240409 0.000000
5490.690513 2528.396531 0.000000
5490.690513 2606.600072 0.000000
5490.690513 2660.637215 0.000000
5490.690513 2796.910963 0.000000
5490.690513 2835.765318 0.000000
5490.690513 2862.568062 0.000000
5490.690513 2933.157214 0.000000
5490.690513 3052.878953 0.000000
5490.690513 3091.733308 0.000000
5490.690513 3160.514639 0.000000
5490.690513 3189.125204 0.000000
5490.690513 3416.482629 0.000000
5490.690513 3598.830387 0.000000
5490.690513 3854.798377 0.000000
5490.690513 4664.918980 0.000000
5490.690513 4785.237520 0.000000
5490.690513 4890.381708 0.000000
5490.690513 4920.886970 0.000000
5490.690513 5041.205509 0.000000
5490.690513 5146.349698 0.000000
5490.690513 5159.545847 0.000000
5490.690513 5231.996967 0.000000
5490.690513 5415.513837 0.000000
5490.690513 5487.964957 0.000000
5490.690513 5641.650539 0.000000
5490.690513 5897.618529 0.000000
5490.690513 6157.163137 0.000000
5490.690513 6217.981106 0.000000
5490.690513 6413.131127 0.000000
5490.690513 6427.208132 0.000000
5490.690513 6473.949096 0.000000
5567.490844 1850.879207 0.000000
5567.490844 2206.609941 0.000000
5567.490844 2243.272419 0.000000
5567.490844 2272.428541 0.000000
5567.490844 2354.149327 0.000000
5567.490844 2404.669225 0.000000
5567.490844 2462.577931 0.000000
5567.490844 2499.240409 0.000000
5567.490844 2528.396531 0.000000
5567.490844 2606.600072 0.000000
5567.490844 2660.637215 0.000000
5567.490844 2796.910963 0.000000
5567.490844 2835.765318 0.000000
5567.490844 2862.568062 0.000000
5567.490844 2933.157214 0.000000
5567.490844 3052.878953 0.000000
5567.490844 3091.733308 0.000000
5567.490844 3160.514639 0.000000
5567.490844 3189.125204 0.000000
5567.490844 3416.482629 0.000000
5567.490844 3598.830387 0.000000
5567.490844 3854.798377 0.000000
5567.490844 4664.918980 0.000000
5567.490844 4785.237520 0.000000
5567.490844 4890.381708 0.000000
5567.490844 4920.886970 0.000000
5567.490844 5041.205509 0.000000
5567.490844 5146.349698 0.000000
5567.490844 5159.545847 0.000000
5567.490844 5231.996967 0.000000
5567.490844 5415.513837 0.000000
5567.490844 5487.964957 0.000000
5567.490844 5641.650539 0.000000
5567.490844 5897.618529 0.000000
5567.490844 6157.163137 0.000000
5567.490844 6217.981106 0.000000
5567.490844 6413.131127 0.000000
5567.490844 6427.208132 0.000000
5567.490844 6473.949096 0.000000
5630.581204 1850.879207 0.000000
5630.581204 2206.609941 0.000000
5630.581204 2243.272419 0.000000
5630.581204 2272.428541 0.000000
5630.581204 2354.149327 0.000000
5630.581204 2404.669225 0.000000
5630.581204 2462.577931 0.000000
5630.581204 2499.240409 0.000000
5630.581204 2528.396531 0.000000
5630.581204 2606.600072 0.000000
5630.581204 2660.637215 0.000000
5630.581204 2796.910963 0.000000
5630.581204 2835.765318 0.000000
5630.581204 2862.568062 0.000000
5630.581204 2933.157214 0.000000
5630.581204 3052.878953 0.000000
5630.581204 3091.733308 0.000000
5630.581204 3160.514639 0.000000
5630.581204 3189.125204 0.000000
5630.581204 3416.482629 0.000000
5630.581204 3598.830387 0.000000
5630.581204 3854.798377 0.000000
5630.581204 4664.918980 0.000000
5630.581204 4785.237520 0.000000
5630.581204 4890.381708 0.000000
5630.581204 4920.886970 0.000000
5630.581204 5041.205509 0.000000
5630.581204 5146.349698 0.000000
5630.581204 5159.545847 0.000000
5630.581204 5231.996967 0.000000
5630.581204 5415.513837 0.000000
5630.581204 5487.964957 0.000000
5630.581204 5641.650539 0.000000
5630.581204 5897.618529 0.000000
5630.581204 6157.163137 0.000000
5630.581204 6217.981106 0.000000
5630.581204 6413.131127 0.000000
5630.581204 6427.208132 0.000000
5630.581204 6473.949096 0.000000
5687.131612 1850.879207 0.000000
5687.131612 2206.609941 0.000000
5687.131612 2243.272419 0.000000
5687.131612 2272.428541 0.000000
5687.131612 2354.149327 0.000000
5687.131612 2404.669225 0.000000
5687.131612 2462.577931 0.000000
5687.131612 2499.240409 0.000000
5687.131612 2528.396531 0.000000
5687.131612 2606.600072 0.000000
5687.131612 2660.637215 0.000000
5687.131612 2796.910963 0.000000
5687.131612 2835.765318 0.000000
5687.131612 2862.568062 0.000000
5687.131612 2933.157214 0.000000
5687.131612 3052.878953 0.000000
5687.131612 3091.733308 0.000000
5687.131612 3160.514639 0.000000
5687.131612 3189.125204 0.000000
5687.131612 3416.482629 0.000000
5687.131612 3598.830387 0.000000
5687.131612 3854.798377 0.000000
5687.131612 4664.918980 0.000000
5687.131612 4785.237520 0.000000
5687.131612 4890.381708 0.000000
5687.131612 4920.886970 0.000000
5687.131612 5041.205509 0.000000
5687.131612 5146.349698 0.000000
5687.131612 5159.545847 0.000000
5687.131612 5231.996967 0.000000
5687.131612 5415.513837 0.000000
5687.131612 5487.964957 0.000000
5687.131612 5641.650539 0.000000
5687.131612 5897.618529 0.000000
5687.131612 6157.163137 0.000000
5687.131612 6217.981106 0.000000
5687.131612 6413.131127 0.000000
5687.131612 6427.208132 0.000000
5687.131612 6473.949096 0.000000
5764.048050 1850.879207 0.000000
5764.048050 2206.609941 0.000000
5764.048050 2243.272419 0.000000
5764.048050 2272.428541 0.000000
5764.048050 2354.149327 0.000000
5764.048050 2404.669225 0.000000
5764.048050 2462.577931 0.000000
5764.048050 2499.240409 0.000000
5764.048050 2528.396531 0.000000
5764.048050 2606.600072 0.000000
5764.048050 2660.637215 0.000000
5764.048050 2796.910963 0.000000
5764.048050 2835.765318 0.000000
5764.048050 2862.568062 0.000000
5764.048050 2933.157214 0.000000
5764.048050 3052.878953 0.000000
5764.048050 3091.733308 0.000000
5764.048050 3160.514639 0.000000
5764.048050 3189.125204 0.000000
5764.048050 3416.482629 0.000000
5764.048050 3598.830387 0.000000
5764.048050 3854.798377 0.000000
5764.048050 4664.918980 0.000000
5764.048050 4785.237520 0.000000
5764.048050 4890.381708 0.000000
5764.048050 4920.886970 0.000000
5764.048050 5041.205509 0.000000
5764.048050 5146.349698 0.000000
5764.048050 5159.545847 0.000000
5764.048050 5231.996967 0.000000
5764.048050 5415.513837 0.000000
5764.048050 5487.964957 0.000000
5764.048050 5641.650539 0.000000
5764.048050 5897.618529 0.000000
5764.048050 6157.163137 0.000000
5764.048050 6217.981106 0.000000
5764.048050 6413.131127 0.000000
5764.048050 6427.208132 0.000000
5764.048050 6473.949096 0.000000
5823.458834 1850.879207 0.000000
5823.458834 2206.609941 0.000000
5823.458834 2243.272419 0.000000
5823.458834 2272.428541 0.000000
5823.458834 2354.149327 0.000000
5823.458834 2404.669225 0.000000
5823.458834 2462.577931 0.000000
5823.458834 2499.240409 0.000000
5823.458834 2528.396531 0.000000
5823.458834 2606.600072 0.000000
5823.458834 2660.637215 0.000000
5823.458834 2796.910963 0.000000
5823.458834 2835.765318 0.000000
5823.458834 2862.568062 0.000000
5823.458834 2933.157214 0.000000
5823.458834 3052.878953 0.000000
5823.458834 3091.733308 0.000000
5823.458834 3160.514639 0.000000
5823.458834 3189.125204 0.000000
5823.458834 3416.482629 0.000000
5823.458834 3598.830387 0.000000
5823.458834 3854.798377 0.000000
5823.458834 4664.918980 0.000000
5823.458834 4785.237520 0.000000
5823.458834 4890.381708 0.000000
5823.458834 4920.886970 0.000000
5823.458834 5041.205509 0.000000
5823.458834 5146.349698 0.000000
5823.458834 5159.545847 0.000000
5823.458834 5231.996967 0.000000
5823.458834 5415.513837 0.000000
5823.458834 5487.964957 0.000000
5823.458834 5641.650539 0.000000
5823.458834 5897.618529 0.000000
5823.458834 6157.163137 0.000000
5823.458834 6217.981106 0.000000
5823.458834 6413.131127 0.000000
5823.458834 6427.208132 0.000000
5823.458834 6473.949096 0.000000
5943.099602 1850.879207 0.000000
5943.099602 2206.609941 0.000000
5943.099602 2243.272419 0.000000
5943.099602 2272.428541 0.000000
5943.099602 2354.149327 0.000000
5943.099602 2404.669225 0.000000
5943.099602 2462.577931 0.000000
5943.099602 2499.240409 0.000000
5943.099602 2528.396531 0.000000
5943.099602 2606.600072 0.000000
5943.099602 2660.637215 0.000000
5943.099602 2796.910963 0.000000
5943.099602 2835.765318 0.000000
5943.099602 2862.568062 0.000000
5943.099602 2933.157214 0.000000
5943.099602 3052.878953 0.000000
5943.099602 3091.733308 0.000000
5943.099602 3160.514639 0.000000
5943.099602 3189.125204 0.000000
5943.099602 3416.482629 0.000000
5943.099602 3598.830387 0.000000
5943.099602 3854.798377 0.000000
5943.099602 4664.918980 0.000000
5943.099602 4785.237520 0.000000
5943.099602 4890.381708 0.000000
5943.099602 4920.886970 0.000000
5943.099602 5041.205509 0.000000
5943.099602 5146.349698 0.000000
5943.099602 5159.545847 0.000000
5943.099602 5231.996967 0.000000
5943.099602 5415.513837 0.000000
5943.099602 5487.964957 0.000000
5943.099602 5641.650539 0.000000
5943.099602 5897.618529 0.000000
5943.099602 6157.163137 0.000000
5943.099602 6217.981106 0.000000
5943.099602 6413.131127 0.000000
5943.099602 6427.208132 0.000000
5943.099602 6473.949096 0.000000
6020.016039 1850.879207 0.000000
6020.016039 2206.609941 0.000000
6020.016039 2243.272419 0.000000
6020.016039 2272.428541 0.000000
6020.016039 2354.149327 0.000000
6020.016039 2404.669225 0.000000
6020.016039 2462.577931 0.000000
6020.016039 2499.240409 0.000000
6020.016039 2528.396531 0.000000
6020.016039 2606.600072 0.000000
6020.016039 2660.637215 0.000000
6020.016039 2796.910963 0.000000
6020.016039 2835.765318 0.000000
6020.016039 2862.568062 0.000000
6020.016039 2933.157214 0.000000
6020.016039 3052.878953 0.000000
6020.016039 3091.733308 0.000000
6020.016039 3160.514639 0.000000
6020.016039 3189.125204 0.000000
6020.016039 3416.482629 0.000000
6020.016039 3598.830387 0.000000
6020.016039 3854.798377 0.000000
6020.016039 4664.918980 0.000000
6020.016039 4785.237520 0.000000
6020.016039 4890.381708 0.000000
6020.016039 4920.886970 0.000000
6020.016039 5041.205509 0.000000
6020.016039 5146.349698 0.000000
6020.016039 5159.545847 0.000000
6020.016039 5231.996967 0.000000
6020.016039 5415.513837 0.000000
6020.016039 5487.964957 0.000000
6020.016039 5641.650539 0.000000
6020.016039 5897.618529 0.000000
6020.016039 6157.163137 0.000000
6020.016039 6217.981106 0.000000
6020.016039 6413.131127 0.000000
6020.016039 6427.208132 0.000000
6020.016039 6473.949096 0.000000
6225.351554 1850.879207 0.000000
6225.351554 2206.609941 0.000000
6225.351554 2243.272419 0.000000
6225.351554 2272.428541 0.000000
6225.351554 2354.149327 0.000000
6225.351554 2404.669225 0.000000
6225.351554 2462.577931 0.000000
6225.351554 2499.240409 0.000000
6225.351554 2528.396531 0.000000
6225.351554 2606.600072 0.000000
6225.351554 2660.637215 0.000000
6225.351554 2796.910963 0.000000
6225.351554 2835.765318 0.000000
6225.351554 2862.568062 0.000000
6225.351554 2933.157214 0.000000
6225.351554 3052.878953 0.000000
6225.351554 3091.733308 0.000000
6225.351554 3160.514639 0.000000
6225.351554 3189.125204 0.000000
6225.351554 3416.482629 0.000000
6225.351554 3598.830387 0.000000
6225.351554 3854.798377 0.000000
6225.351554 4664.918980 0.000000
6225.351554 4785.237520 0.000000
6225.351554 4890.381708 0.000000
6225.351554 4920.886970 0.000000
6225.351554 5041.205509 0.000000
6225.351554 5146.349698 0.000000
6225.351554 5159.545847 0.000000
6225.351554 5231.996967 0.000000
6225.351554 5415.513837 0.000000
6225.351554 5487.964957 0.000000
6225.351554 5641.650539 0.000000
6225.351554 5897.618529 0.000000
6225.351554 6157.163137 0.000000
6225.351554 6217.981106 0.000000
6225.351554 6413.131127 0.000000
6225.351554 6427.208132 0.000000
6225.351554 6473.949096 0.000000
6261.810040 1850.879207 0.000000
6261.810040 2206.609941 0.000000
6261.810040 2243.272419 0.000000
6261.810040 2272.428541 0.000000
6261.810040 2354.149327 0.000000
6261.810040 2404.669225 0.000000
6261.810040 2462.577931 0.000000
6261.810040 2499.240409 0.000000
6261.810040 2528.396531 0.000000
6261.810040 2606.600072 0.000000
6261.810040 2660.637215 0.000000
6261.810040 2796.910963 0.000000
6261.810040 2835.765318 0.000000
6261.810040 2862.568062 0.000000
6261.810040 2933.157214 0.000000
6261.810040 3052.878953 0.000000
6261.810040 3091.733308 0.000000
6261.810040 3160.514639 0.000000
6261.810040 3189.125204 0.000000
6261.810040 3416.482629 0.000000
6261.810040 3598.830387 0.000000
6261.810040 3854.798377 0.000000
6261.810040 4664.918980 0.000000
6261.810040 4785.237520 0.000000
6261.810040 4890.381708 0.000000
6261.810040 4920.886970 0.000000
6261.810040 5041.205509 0.000000
6261.810040 5146.349698 0.000000
6261.810040 5159.545847 0.000000
6261.810040 5231.996967 0.000000
6261.810040 5415.513837 0.000000
6261.810040 5487.964957 0.000000
6261.810040 5641.650539 0.000000
6261.810040 5897.618529 0.000000
6261.810040 6157.163137 0.000000
6261.810040 6217.981106 0.000000
6261.810040 6413.131127 0.000000
6261.810040 6427.208132 0.000000
6261.810040 6473.949096 0.000000
6289.618981 1850.879207 0.000000
6289.618981 2206.609941 0.000000
6289.618981 2243.272419 0.000000
6289.618981 2272.428541 0.000000
6289.618981 2354.149327 0.000000
6289.618981 2404.669225 0.000000
6289.618981 2462.577931 0.000000
6289.618981 2499.240409 0.000000
6289.618981 2528.396531 0.000000
6289.618981 2606.600072 0.000000
6289.618981 2660.637215 0.000000
6289.618981 2796.910963 0.000000
6289.618981 2835.765318 0.000000
6289.618981 2862.568062 0.000000
6289.618981 2933.157214 0.000000
6289.618981 3052.878953 0.000000
6289.618981 3091.733308 0.000000
6289.618981 3160.514639 0.000000
6289.618981 3189.125204 0.000000
6289.618981 3416.482629 0.000000
6289.618981 3598.830387 0.000000
6289.618981 3854.798377 0.000000
6289.618981 4664.918980 0.000000
6289.618981 4785.237520 0.000000
6289.618981 4890.381708 0.000000
6289.618981 4920.886970 0.000000
6289.618981 5041.205509 0.000000
6289.618981 5146.349698 0.000000
6289.618981 5159.545847 0.000000
6289.618981 5231.996967 0.000000
6289.618981 5415.513837 0.000000
6289.618981 5487.964957 0.000000
6289.618981 5641.650539 0.000000
6289.618981 5897.618529 0.000000
6289.618981 6157.163137 0.000000
6289.618981 6217.981106 0.000000
6289.618981 6413.131127 0.000000
6289.618981 6427.208132 0.000000
6289.618981 6473.949096 0.000000
6481.319543 1850.879207 0.000000
6481.319543 2206.609941 0.000000
6481.319543 2243.272419 0.000000
6481.319543 2272.428541 0.000000
6481.319543 2354.149327 0.000000
6481.319543 2404.669225 0.000000
6481.319543 2462.577931 0.000000
6481.319543 2499.240409 0.000000
6481.319543 2528.396531 0.000000
6481.319543 2606.600072 0.000000
6481.319543 2660.637215 0.000000
6481.319543 2796.910963 0.000000
6481.319543 2835.765318 0.000000
6481.319543 2862.568062 0.000000
6481.319543 2933.157214 0.000000
6481.319543 3052.878953 0.000000
6481.319543 3091.733308 0.000000
6481.319543 3160.514639 0.000000
6481.319543 3189.125204 0.000000
6481.319543 3416.482629 0.000000
6481.319543 3598.830387 0.000000
6481.319543 3854.798377 0.000000
6481.319543 4664.918980 0.000000
6481.319543 4785.237520 0.000000
6481.319543 4890.381708 0.000000
6481.319543 4920.886970 0.000000
6481.319543 5041.205509 0.000000
6481.319543 5146.349698 0.000000
6481.319543 5159.545847 0.000000
6481.319543 5231.996967 0.000000
6481.319543 5415.513837 0.000000
6481.319543 5487.964957 0.000000
6481.319543 5641.650539 0.000000
6481.319543 5897.618529 0.000000
6481.319543 6157.163137 0.000000
6481.319543 6217.981106 0.000000
6481.319543 6413.131127 0.000000
6481.319543 6427.208132 0.000000
6481.319543 6473.949096 0.000000
6517.778030 1850.879207 0.000000
6517.778030 2206.609941 0.000000
6517.778030 2243.272419 0.000000
6517.778030 2272.428541 0.000000
6517.778030 2354.149327 0.000000
6517.778030 2404.669225 0.000000
6517.778030 2462.577931 0.000000
6517.778030 2499.240409 0.000000
6517.778030 2528.396531 0.000000
6517.778030 2606.600072 0.000000
6517.778030 2660.637215 0.000000
6517.778030 2796.910963 0.000000
6517.778030 2835.765318 0.000000
6517.778030 2862.568062 0.000000
6517.778030 2933.157214 0.000000
6517.778030 3052.878953 0.000000
6517.778030 3091.733308 0.000000
6517.778030 3160.514639 0.000000
6517.778030 3189.125204 0.000000
6517.778030 3416.482629 0.000000
6517.778030 3598.830387 0.000000
6517.778030 3854.798377 0.000000
6517.778030 4664.918980 0.000000
6517.778030 4785.237520 0.000000
6517.778030 4890.381708 0.000000
6517.778030 4920.886970 0.000000
6517.778030 5041.205509 0.000000
6517.778030 5146.349698 0.000000
6517.778030 5159.545847 0.000000
6517.778030 5231.996967 0.000000
6517.778030 5415.513837 0.000000
6517.778030 5487.964957 0.000000
6517.778030 5641.650539 0.000000
6517.778030 5897.618529 0.000000
6517.778030 6157.163137 0.000000
6517.778030 6217.981106 0.000000
6517.778030 6413.131127 0.000000
6517.778030 6427.208132 0.000000
6517.778030 6473.949096 0.000000
6545.586970 1850.879207 0.000000
6545.586970 2206.609941 0.000000
6545.586970 2243.272419 0.000000
6545.586970 2272.428541 0.000000
6545.586970 2354.149327 0.000000
6545.586970 2404.669225 0.000000
6545.586970 2462.577931 0.000000
6545.586970 2499.240409 0.000000
6545.586970 2528.396531 0.000000
6545.586970 2606.600072 0.000000
6545.586970 2660.637215 0.000000
6545.586970 2796.910963 0.000000
6545.586970 2835.765318 0.000000
6545.586970 2862.568062 0.000000
6545.586970 2933.157214 0.000000
6545.586970 3052.878953 0.000000
6545.586970 3091.733308 0.000000
6545.586970 3160.514639 0.000000
6545.586970 3189.125204 0.000000
6545.586970 3416.482629 0.000000
6545.586970 3598.830387 0.000000
6545.586970 3854.798377 0.000000
6545.586970 4664.918980 0.000000
6545.586970 4785.237520 0.000000
6545.586970 4890.381708 0.000000
6545.586970 4920.886970 0.000000
6545.586970 5041.205509 0.000000
6545.586970 5146.349698 0.000000
6545.586970 5159.545847 0.000000
6545.586970 5231.996967 0.000000
6545.586970 5415.513837 0.000000
6545.586970 5487.964957 0.000000
6545.586970 5641.650539 0.000000
6545.586970 5897.618529 0.000000
6545.586970 6157.163137 0.000000
6545.586970 6217.981106 0.000000
6545.586970 6413.131127 0.000000
6545.586970 6427.208132 0.000000
6545.586970 6473.949096 0.000000
6617.953307 1850.879207 0.000000
6617.953307 2206.609941 0.000000
6617.953307 2243.272419 0.000000
6617.953307 2272.428541 0.000000
6617.953307 2354.149327 0.000000
6617.953307 2404.669225 0.000000
6617.953307 2462.577931 0.000000
6617.953307 2499.240409 0.000000
6617.953307 2528.396531 0.000000
6617.953307 2606.600072 0.000000
6617.953307 2660.637215 0.000000
6617.953307 2796.910963 0.000000
6617.953307 2835.765318 0.000000
6617.953307 2862.568062 0.000000
6617.953307 2933.157214 0.000000
6617.953307 3052.878953 0.000000
6617.953307 3091.733308 0.000000
6617.953307 3160.514639 0.000000
6617.953307 3189.125204 0.000000
6617.953307 3416.482629 0.000000
6617.953307 3598.830387 0.000000
6617.953307 3854.798377 0.000000
6617.953307 4664.918980 0.000000
6617.953307 4785.237520 0.000000
6617.953307 4890.381708 0.000000
6617.953307 4920.886970 0.000000
6617.953307 5041.205509 0.000000
6617.953307 5146.349698 0.000000
6617.953307 5159.545847 0.000000
6617.953307 5231.996967 0.000000
6617.953307 5415.513837 0.000000
6617.953307 5487.964957 0.000000
6617.953307 5641.650539 0.000000
6617.953307 5897.618529 0.000000
6617.953307 6157.163137 0.000000
6617.953307 6217.981106 0.000000
6617.953307 6413.131127 0.000000
6617.953307 6427.208132 0.000000
6617.953307 6473.949096 0.000000
6661.732908 1850.879207 0.000000
6661.732908 2206.609941 0.000000
6661.732908 2243.272419 0.000000
6661.732908 2272.428541 0.000000
6661.732908 2354.149327 0.000000
6661.732908 2404.669225 0.000000
6661.732908 2462.577931 0.000000
6661.732908 2499.240409 0.000000
6661.732908 2528.396531 0.000000
6661.732908 2606.600072 0.000000
6661.732908 2660.637215 0.000000
6661.732908 2796.910963 0.000000
6661.732908 2835.765318 0.000000
6661.732908 2862.568062 0.000000
6661.732908 2933.157214 0.000000
6661.732908 3052.878953 0.000000
6661.732908 3091.733308 0.000000
6661.732908 3160.514639 0.000000
6661.732908 3189.125204 0.000000
6661.732908 3416.482629 0.000000
6661.732908 3598.830387 0.000000
6661.732908 3854.798377 0.000000
6661.732908 4664.918980 0.000000
6661.732908 4785.237520 0.000000
6661.732908 4890.381708 0.000000
6661.732908 4920.886970 0.000000
6661.732908 5041.205509 0.000000
6661.732908 5146.349698 0.000000
6661.732908 5159.545847 0.000000
6661.732908 5231.996967 0.000000
6661.732908 5415.513837 0.000000
6661.732908 5487.964957 0.000000
6661.732908 5641.650539 0.000000
6661.732908 5897.618529 0.000000
6661.732908 6157.163137 0.000000
6661.732908 6217.981106 0.000000
6661.732908 6413.131127 0.000000
6661.732908 6427.208132 0.000000
6661.732908 6473.949096 0.000000
6808.111626 1850.879207 0.000000
6808.111626 2206.609941 0.000000
6808.111626 2243.272419 0.000000
6808.111626 2272.428541 0.000000
6808.111626 2354.149327 0.000000
6808.111626 2404.669225 0.000000
6808.111626 2462.577931 0.000000
6808.111626 2499.240409 0.000000
6808.111626 2528.396531 0.000000
6808.111626 2606.600072 0.000000
6808.111626 2660.637215 0.000000
6808.111626 2796.910963 0.000000
6808.111626 2835.765318 0.000000
6808.111626 2862.568062 0.000000
6808.111626 2933.157214 0.000000
6808.111626 3052.878953 0.000000
6808.111626 3091.733308 0.000000
6808.111626 3160.514639 0.000000
6808.111626 3189.125204 0.000000
6808.111626 3416.482629 0.000000
6808.111626 3598.830387 0.000000
6808.111626 3854.798377 0.000000
6808.111626 4664.918980 0.000000
6808.111626 4785.237520 0.000000
6808.111626 4890.381708 0.000000
6808.111626 4920.886970 0.000000
6808.111626 5041.205509 0.000000
6808.111626 5146.349698 0.000000
6808.111626 5159.545847 0.000000
6808.111626 5231.996967 0.000000
6808.111626 5415.513837 0.000000
6808.111626 5487.964957 0.000000
6808.111626 5641.650539 0.000000
6808.111626 5897.618529 0.000000
6808.111626 6157.163137 0.000000
6808.111626 6217.981106 0.000000
6808.111626 6413.131127 0.000000
6808.111626 6427.208132 0.000000
6808.111626 6473.949096 0.000000
6873.921296 1850.879207 0.000000
6873.921296 2206.609941 0.000000
6873.921296 2243.272419 0.000000
6873.921296 2272.428541 0.000000
6873.921296 2354.149327 0.000000
6873.921296 2404.669225 0.000000
6873.921296 2462.577931 0.000000
6873.921296 2499.240409 0.000000
6873.921296 2528.396531 0.000000
6873.921296 2606.600072 0.000000
6873.921296 2660.637215 0.000000
6873.921296 2796.910963 0.000000
6873.921296 2835.765318 0.000000
6873.921296 2862.568062 0.000000
6873.921296 2933.157214 0.000000
6873.921296 3052.878953 0.000000
6873.921296 3091.733308 0.000000
6873.921296 3160.514639 0.000000
6873.921296 3189.125204 0.000000
6873.921296 3416.482629 0.000000
6873.921296 3598.830387 0.000000
6873.921296 3854.798377 0.000000
6873.921296 4664.918980 0.000000
6873.921296 4785.237520 0.000000
6873.921296 4890.381708 0.000000
6873.921296 4920.886970 0.000000
6873.921296 5041.205509 0.000000
6873.921296 5146.349698 0.000000
6873.921296 5159.545847 0.000000
6873.921296 5231.996967 0.000000
6873.921296 5415.513837 0.000000
6873.921296 5487.964957 0.000000
6873.921296 5641.650539 0.000000
6873.921296 5897.618529 0.000000
6873.921296 6157.163137 0.000000
6873.921296 6217.981106 0.000000
6873.921296 6413.131127 0.000000
6873.921296 6427.208132 0.000000
6873.921296 6473.949096 0.000000
6917.700897 1850.879207 0.000000
6917.700897 2206.609941 0.000000
6917.700897 2243.272419 0.000000
6917.700897 2272.428541 0.000000
6917.700897 2354.149327 0.000000
6917.700897 2404.669225 0.000000
6917.700897 2462.577931 0.000000
6917.700897 2499.240409 0.000000
6917.700897 2528.396531 0.000000
6917.700897 2606.600072 0.000000
6917.700897 2660.637215 0.000000
6917.700897 2796.910963 0.000000
6917.700897 2835.765318 0.000000
6917.700897 2862.568062 0.000000
6917.700897 2933.157214 0.000000
6917.700897 3052.878953 0.000000
6917.700897 3091.733308 0.000000
6917.700897 3160.514639 0.000000
6917.700897 3189.125204 0.000000
6917.700897 3416.482629 0.000000
6917.700897 3598.830387 0.000000
6917.700897 3854.798377 0.000000
6917.700897 4664.918980 0.000000
6917.700897 4785.237520 0.000000
6917.700897 4890.381708 0.000000
6917.700897 4920.886970 0.000000
6917.700897 5041.205509 0.000000
6917.700897 5146.349698 0.000000
6917.700897 5159.545847 0.000000
6917.700897 5231.996967 0.000000
6917.700897 5415.513837 0.000000
6917.700897 5487.964957 0.000000
6917.700897 5641.650539 0.000000
6917.700897 5897.618529 0.000000
6917.700897 6157.163137 0.000000
6917.700897 6217.981106 0.000000
6917.700897 6413.131127 0.000000
6917.700897 6427.208132 0.000000
6917.700897 6473.949096 0.000000
7031.853194 1850.879207 0.000000
7031.853194 2206.609941 0.000000
7031.853194 2243.272419 0.000000
7031.853194 2272.428541 0.000000
7031.853194 2354.149327 0.000000
7031.853194 2404.669225 0.000000
7031.853194 2462.577931 0.000000
7031.853194 2499.240409 0.000000
7031.853194 2528.396531 0.000000
7031.853194 2606.600072 0.000000
7031.853194 2660.637215 0.000000
7031.853194 2796.910963 0.000000
7031.853194 2835.765318 0.000000
7031.853194 2862.568062 0.000000
7031.853194 2933.157214 0.000000
7031.853194 3052.878953 0.000000
7031.853194 3091.733308 0.000000
7031.853194 3160.514639 0.000000
7031.853194 3189.125204 0.000000
7031.853194 3416.482629 0.000000
7031.853194 3598.830387 0.000000
7031.853194 3854.798377 0.000000
7031.853194 4664.918980 0.000000
7031.853194 4785.237520 0.000000
7031.853194 4890.381708 0.000000
7031.853194 4920.886970 0.000000
7031.853194 5041.205509 0.000000
7031.853194 5146.349698 0.000000
7031.853194 5159.545847 0.000000
7031.853194 5231.996967 0.000000
7031.853194 5415.513837 0.000000
7031.853194 5487.964957 0.000000
7031.853194 5641.650539 0.000000
7031.853194 5897.618529 0.000000
7031.853194 6157.163137 0.000000
7031.853194 6217.981106 0.000000
7031.853194 6413.131127 0.000000
7031.853194 6427.208132 0.000000
7031.853194 6473.949096 0.000000
7064.079616 1850.879207 0.000000
7064.079616 2206.609941 0.000000
7064.079616 2243.272419 0.000000
7064.079616 2272.428541 0.000000
7064.079616 2354.149327 0.000000
7064.079616 2404.669225 0.000000
7064.079616 2462.577931 0.000000
7064.079616 2499.240409 0.000000
7064.079616 2528.396531 0.000000
7064.079616 2606.600072 0.000000
7064.079616 2660.637215 0.000000
7064.079616 2796.910963 0.000000
7064.079616 2835.765318 0.000000
7064.079616 2862.568062 0.000000
7064.079616 2933.157214 0.000000
7064.079616 3052.878953 0.000000
7064.079616 3091.733308 0.000000
7064.079616 3160.514639 0.000000
7064.079616 3189.125204 0.000000
7064.079616 3416.482629 0.000000
7064.079616 3598.830387 0.000000
7064.079616 3854.798377 0.000000
7064.079616 4664.918980 0.000000
7064.079616 4785.237520 0.000000
7064.079616 4890.381708 0.000000
7064.079616 4920.886970 0.000000
7064.079616 5041.205509 0.000000
7064.079616 5146.349698 0.000000
7064.079616 5159.545847 0.000000
7064.079616 5231.996967 0.000000
7064.079616 5415.513837 0.000000
7064.079616 5487.964957 0.000000
7064.079616 5641.650539 0.000000
7064.079616 5897.618529 0.000000
7064.079616 6157.163137 0.000000
7064.079616 6217.981106 0.000000
7064.079616 6413.131127 0.000000
7064.079616 6427.208132 0.000000
7064.079616 6473.949096 0.000000
7134.318912 1850.879207 0.000000
7134.318912 2206.609941 0.000000
7134.318912 2243.272419 0.000000
7134.318912 2272.428541 0.000000
7134.318912 2354.149327 0.000000
7134.318912 2404.669225 0.000000
7134.318912 2462.577931 0.000000
7134.318912 2499.240409 0.000000
7134.318912 2528.396531 0.000000
7134.318912 2606.600072 0.000000
7134.318912 2660.637215 0.000000
7134.318912 2796.910963 0.000000
7134.318912 2835.765318 0.000000
7134.318912 2862.568062 0.000000
7134.318912 2933.157214 0.000000
7134.318912 3052.878953 0.000000
7134.318912 3091.733308 0.000000
7134.318912 3160.514639 0.000000
7134.318912 3189.125204 0.000000
7134.318912 3416.482629 0.000000
7134.318912 3598.830387 0.000000
7134.318912 3854.798377 0.000000
7134.318912 4664.918980 0.000000
7134.318912 4785.237520 0.000000
7134.318912 4890.381708 0.000000
7134.318912 4920.886970 0.000000
7134.318912 5041.205509 0.000000
7134.318912 5146.349698 0.000000
7134.318912 5159.545847 0.000000
7134.318912 5231.996967 0.000000
7134.318912 5415.513837 0.000000
7134.318912 5487.964957 0.000000
7134.318912 5641.650539 0.000000
7134.318912 5897.618529 0.000000
7134.318912 6157.163137 0.000000
7134.318912 6217.981106 0.000000
7134.318912 6413.131127 0.000000
7134.318912 6427.208132 0.000000
7134.318912 6473.949096 0.000000
4472.173296 1850.879207 100.000000
4472.173296 2206.609941 100.000000
4472.173296 2243.272419 100.000000
4472.173296 2272.428541 100.000000
4472.173296 2354.149327 100.000000
4472.173296 2404.669225 100.000000
4472.173296 2462.577931 100.000000
4472.173296 2499.240409 100.000000
4472.173296 2528.396531 100.000000
4472.173296 2606.600072 100.000000
4472.173296 2660.637215 100.000000
4472.173296 2796.910963 100.000000
4472.173296 2835.765318 100.000000
4472.173296 2862.568062 100.000000
4472.173296 2933.157214 100.000000
4472.173296 3052.878953 100.000000
4472.173296 3091.733308 100.000000
4472.173296 3160.514639 100.000000
4472.173296 3189.125204 100.000000
4472.173296 3416.482629 100.000000
4472.173296 3598.830387 100.000000
4472.173296 3854.798377 100.000000
4472.173296 4664.918980 100.000000
4472.173296 4785.237520 100.000000
4472.173296 4890.381708 100.000000
4472.173296 4920.886970 100.000000
4472.173296 5041.205509 100.000000
4472.173296 5146.349698 100.000000
4472.173296 5159.545847 100.000000
4472.173296 5231.996967 100.000000
4472.173296 5415.513837 100.000000
4472.173296 5487.964957 100.000000
4472.173296 5641.650539 100.000000
4472.173296 5897.618529 100.000000
4472.173296 6157.163137 100.000000
4472.173296 6217.981106 100.000000
4472.173296 6413.131127 100.000000
4472.173296 6427.208132 100.000000
4472.173296 6473.949096 100.000000
4557.738813 1850.879207 100.000000
4557.738813 2206.609941 100.000000
4557.738813 2243.272419 100.000000
4557.738813 2272.428541 100.000000
4557.738813 2354.149327 100.000000
4557.738813 2404.669225 100.000000
4557.738813 2462.577931 100.000000
4557.738813 2499.240409 100.000000
4557.738813 2528.396531 100.000000
4557.738813 2606.600072 100.000000
4557.738813 2660.637215 100.000000
4557.738813 2796.910963 100.000000
4557.738813 2835.765318 100.000000
4557.738813 2862.568062 100.000000
4557.738813 2933.157214 100.000000
4557.738813 3052.878953 100.000000
4557.738813 3091.733308 100.000000
4557.738813 3160.514639 100.000000
4557.738813 3189.125204 100.000000
4557.738813 3416.482629 100.000000
4557.738813 3598.830387 100.000000
4557.738813 3854.798377 100.000000
4557.738813 4664.918980 100.000000
4557.738813 4785.237520 100.000000
4557.738813 4890.381708 100.000000
4557.738813 4920.886970 100.000000
4557.738813 5041.205509 100.000000
4557.738813 5146.349698 100.000000
4557.738813 5159.545847 100.000000
4557.738813 5231.996967 100.000000
4557.738813 5415.513837 100.000000
4557.738813 5487.964957 100.000000
4557.738813 5641.650539 100.000000
4557.738813 5897.618529 100.000000
4557.738813 6157.163137 100.000000
4557.738813 6217.981106 100.000000
4557.738813 6413.131127 100.000000
4557.738813 6427.208132 100.000000
4557.738813 6473.949096 100.000000
4689.139985 1850.879207 100.000000
4689.139985 2206.609941 100.000000
4689.139985 2243.272419 100.000000
4689.139985 2272.428541 100.000000
4689.139985 2354.149327 100.000000
4689.139985 2404.669225 100.000000
4689.139985 2462.577931 100.000000
4689.139985 2499.240409 100.000000
4689.139985 2528.396531 100.000000
4689.139985 2606.600072 100.000000
4689.139985 2660.637215 100.000000
4689.139985 2796.910963 100.000000
4689.139985 2835.765318 100.000000
4689.139985 2862.568062 100.000000
4689.139985 2933.157214 100.000000
4689.139985 3052.878953 100.000000
4689.139985 3091.733308 100.000000
4689.139985 3160.514639 100.000000
4689.139985 3189.125204 100.000000
4689.139985 3416.482629 100.000000
4689.139985 3598.830387 100.000000
4689.139985 3854.798377 100.000000
4689.139985 4664.918980 100.000000
4689.139985 4785.237520 100.000000
4689.139985 4890.381708 100.000000
4689.139985 4920.886970 100.000000
4689.139985 5041.205509 100.000000
4689.139985 5146.349698 100.000000
4689.139985 5159.545847 100.000000
4689.139985 5231.996967 100.000000
4689.139985 5415.513837 100.000000
4689.139985 5487.964957 100.000000
4689.139985 5641.650539 100.000000
4689.139985 5897.618529 100.000000
4689.139985 6157.163137 100.000000
4689.139985 6217.981106 100.000000
4689.139985 6413.131127 100.000000
4689.139985 6427.208132 100.000000
4689.139985 6473.949096 100.000000
4813.706803 1850.879207 100.000000
4813.706803 2206.609941 100.000000
4813.706803 2243.272419 100.000000
4813.706803 2272.428541 100.000000
4813.706803 2354.149327 100.000000
4813.706803 2404.669225 100.000000
4813.706803 2462.577931 100.000000
4813.706803 2499.240409 100.000000
4813.706803 2528.396531 100.000000
4813.706803 2606.600072 100.000000
4813.706803 2660.637215 100.000000
4813.706803 2796.910963 100.000000
4813.706803 2835.765318 100.000000
4813.706803 2862.568062 100.000000
4813.706803 2933.157214 100.000000
4813.706803 3052.878953 100.000000
4813.706803 3091.733308 100.000000
4813.706803 3160.514639 100.000000
4813.706803 3189.125204 100.000000
4813.706803 3416.482629 100.000000
4813.706803 3598.830387 100.000000
4813.706803 3854.798377 100.000000
4813.706803 4664.918980 100.000000
4813.706803 4785.237520 100.000000
4813.706803 4890.381708 100.000000
4813.706803 4920.886970 100.000000
4813.706803 5041.205509 100.000000
4813.706803 5146.349698 100.000000
4813.706803 5159.545847 100.000000
4813.706803 5231.996967 100.000000
4813.706803 5415.513837 100.000000
4813.706803 5487.964957 100.000000
4813.706803 5641.650539 100.000000
4813.706803 5897.618529 100.000000
4813.706803 6157.163137 100.000000
4813.706803 6217.981106 100.000000
4813.706803 6413.131127 100.000000
4813.706803 6427.208132 100.000000
4813.706803 6473.949096 100.000000
4835.056289 1850.879207 100.000000
4835.056289 2206.609941 100.000000
4835.056289 2243.272419 100.000000
4835.056289 2272.428541 100.000000
4835.056289 2354.149327 100.000000
4835.056289 2404.669225 100.000000
4835.056289 2462.577931 100.000000
4835.056289 2499.240409 100.000000
4835.056289 2528.396531 100.000000
4835.056289 2606.600072 100.000000
4835.056289 2660.637215 100.000000
4835.056289 2796.910963 100.000000
4835.056289 2835.765318 100.000000
4835.056289 2862.568062 100.000000
4835.056289 2933.157214 100.000000
4835.056289 3052.878953 100.000000
4835.056289 3091.733308 100.000000
4835.056289 3160.514639 100.000000
4835.056289 3189.125204 100.000000
4835.056289 3416.482629 100.000000
4835.056289 3598.830387 100.000000
4835.056289 3854.798377 100.000000
4835.056289 4664.918980 100.000000
4835.056289 4785.237520 100.000000
4835.056289 4890.381708 100.000000
4835.056289 4920.886970 100.000000
4835.056289 5041.205509 100.000000
4835.056289 5146.349698 100.000000
4835.056289 5159.545847 100.000000
4835.056289 5231.996967 100.000000
4835.056289 5415.513837 100.000000
4835.056289 5487.964957 100.000000
4835.056289 5641.650539 100.000000
4835.056289 5897.618529 100.000000
4835.056289 6157.163137 100.000000
4835.056289 6217.981106 100.000000
4835.056289 6413.131127 100.000000
4835.056289 6427.208132 100.000000
4835.056289 6473.949096 100.000000
4945.107975 1850.879207 100.000000
4945.107975 2206.609941 100.000000
4945.107975 2243.272419 100.000000
4945.107975 2272.428541 100.000000
4945.107975 2354.149327 100.000000
4945.107975 2404.669225 100.000000
4945.107975 2462.577931 100.000000
4945.107975 2499.240409 100.000000
4945.107975 2528.396531 100.000000
4945.107975 2606.600072 100.000000
4945.107975 2660.637215 100.000000
4945.107975 2796.910963 100.000000
4945.107975 2835.765318 100.000000
4945.107975 2862.568062 100.000000
4945.107975 2933.157214 100.000000
4945.107975 3052.878953 100.000000
4945.107975 3091.733308 100.000000
4945.107975 3160.514639 100.000000
4945.107975 3189.125204 100.000000
4945.107975 3416.482629 100.000000
4945.107975 3598.830387 100.000000
4945.107975 3854.798377 100.000000
4945.107975 4664.918980 100.000000
4945.107975 4785.237520 100.000000
4945.107975 4890.381708 100.000000
4945.107975 4920.886970 100.000000
4945.107975 5041.205509 100.000000
4945.107975 5146.349698 100.000000
4945.107975 5159.545847 100.000000
4945.107975 5231.996967 100.000000
4945.107975 5415.513837 100.000000
4945.107975 5487.964957 100.000000
4945.107975 5641.650539 100.000000
4945.107975 5897.618529 100.000000
4945.107975 6157.163137 100.000000
4945.107975 6217.981106 100.000000
4945.107975 6413.131127 100.000000
4945.107975 6427.208132 100.000000
4945.107975 6473.949096 100.000000
4984.258105 1850.879207 100.000000
4984.258105 2206.609941 100.000000
4984.258105 2243.272419 100.000000
4984.258105 2272.428541 100.000000
4984.258105 2354.149327 100.000000
4984.258105 2404.669225 100.000000
4984.258105 2462.577931 100.000000
4984.258105 2499.240409 100.000000
4984.258105 2528.396531 100.000000
4984.258105 2606.600072 100.000000
4984.258105 2660.637215 100.000000
4984.258105 2796.910963 100.000000
4984.258105 2835.765318 100.000000
4984.258105 2862.568062 100.000000
4984.258105 2933.157214 100.000000
4984.258105 3052.878953 100.000000
4984.258105 3091.733308 100.000000
4984.258105 3160.514639 100.000000
4984.258105 3189.125204 100.000000
4984.258105 3416.482629 100.000000
4984.258105 3598.830387 100.000000
4984.258105 3854.798377 100.000000
4984.258105 4664.918980 100.000000
4984.258105 4785.237520 100.000000
4984.258105 4890.381708 100.000000
4984.258105 4920.886970 100.000000
4984.258105 5041.205509 100.000000
4984.258105 5146.349698 100.000000
4984.258105 5159.545847 100.000000
4984.258105 5231.996967 100.000000
4984.258105 5415.513837 100.000000
4984.258105 5487.964957 100.000000
4984.258105 5641.650539 100.000000
4984.258105 5897.618529 100.000000
4984.258105 6157.163137 100.000000
4984.258105 6217.981106 100.000000
4984.258105 6413.131127 100.000000
4984.258105 6427.208132 100.000000
4984.258105 6473.949096 100.000000
5062.717203 1850.879207 100.000000
5062.717203 2206.609941 100.000000
5062.717203 2243.272419 100.000000
5062.717203 2272.428541 100.000000
5062.717203 2354.149327 100.000000
5062.717203 2404.669225 100.000000
5062.717203 2462.577931 100.000000
5062.717203 2499.240409 100.000000
5062.717203 2528.396531 100.000000
5062.717203 2606.600072 100.000000
5062.717203 2660.637215 100.000000
5062.717203 2796.910963 100.000000
5062.717203 2835.765318 100.000000
5062.717203 2862.568062 100.000000
5062.717203 2933.157214 100.000000
5062.717203 3052.878953 100.000000
5062.717203 3091.733308 100.000000
5062.717203 3160.514639 100.000000
5062.717203 3189.125204 100.000000
5062.717203 3416.482629 100.000000
5062.717203 3598.830387 100.000000
5062.717203 3854.798377 100.000000
5062.717203 4664.918980 100.000000
5062.717203 4785.237520 100.000000
5062.717203 4890.381708 100.000000
5062.717203 4920.886970 100.000000
5062.717203 5041.205509 100.000000
5062.717203 5146.349698 100.000000
5062.717203 5159.545847 100.000000
5062.717203 5231.996967 100.000000
5062.717203 5415.513837 100.000000
5062.717203 5487.964957 100.000000
5062.717203 5641.650539 100.000000
5062.717203 5897.618529 100.000000
5062.717203 6157.163137 100.000000
5062.717203 6217.981106 100.000000
5062.717203 6413.131127 100.000000
5062.717203 6427.208132 100.000000
5062.717203 6473.949096 100.000000
5091.024278 1850.879207 100.000000
5091.024278 2206.609941 100.000000
5091.024278 2243.272419 100.000000
5091.024278 2272.428541 100.000000
5091.024278 2354.149327 100.000000
5091.024278 2404.669225 100.000000
5091.024278 2462.577931 100.000000
5091.024278 2499.240409 100.000000
5091.024278 2528.396531 100.000000
5091.024278 2606.600072 100.000000
5091.024278 2660.637215 100.000000
5091.024278 2796.910963 100.000000
5091.024278 2835.765318 100.000000
5091.024278 2862.568062 100.000000
5091.024278 2933.157214 100.000000
5091.024278 3052.878953 100.000000
5091.024278 3091.733308 100.000000
5091.024278 3160.514639 100.000000
5091.024278 3189.125204 100.000000
5091.024278 3416.482629 100.000000
5091.024278 3598.830387 100.000000
5091.024278 3854.798377 100.000000
5091.024278 4664.918980 100.000000
5091.024278 4785.237520 100.000000
5091.024278 4890.381708 100.000000
5091.024278 4920.886970 100.000000
5091.024278 5041.205509 100.000000
5091.024278 5146.349698 100.000000
5091.024278 5159.545847 100.000000
5091.024278 5231.996967 100.000000
5091.024278 5415.513837 100.000000
5091.024278 5487.964957 100.000000
5091.024278 5641.650539 100.000000
5091.024278 5897.618529 100.000000
5091.024278 6157.163137 100.000000
5091.024278 6217.981106 100.000000
5091.024278 6413.131127 100.000000
5091.024278 6427.208132 100.000000
5091.024278 6473.949096 100.000000
5121.764050 1850.879207 100.000000
5121.764050 2206.609941 100.000000
5121.764050 2243.272419 100.000000
5121.764050 2272.428541 100.000000
5121.764050 2354.149327 100.000000
5121.764050 2404.669225 100.000000
5121.764050 2462.577931 100.000000
5121.764050 2499.240409 100.000000
5121.764050 2528.396531 100.000000
5121.764050 2606.600072 100.000000
5121.764050 2660.637215 100.000000
5121.764050 2796.910963 100.000000
5121.764050 2835.765318 100.000000
5121.764050 2862.568062 100.000000
5121.764050 2933.157214 100.000000
5121.764050 3052.878953 100.000000
5121.764050 3091.733308 100.000000
5121.764050 3160.514639 100.000000
5121.764050 3189.125204 100.000000
5121.764050 3416.482629 100.000000
5121.764050 3598.830387 100.000000
5121.764050 3854.798377 100.000000
5121.764050 4664.918980 100.000000
5121.764050 4785.237520 100.000000
5121.764050 4890.381708 100.000000
5121.764050 4920.886970 100.000000
5121.764050 5041.205509 100.000000
5121.764050 5146.349698 100.000000
5121.764050 5159.545847 100.000000
5121.764050 5231.996967 100.000000
5121.764050 5415.513837 100.000000
5121.764050 5487.964957 100.000000
5121.764050 5641.650539 100.000000
5121.764050 5897.618529 100.000000
5121.764050 6157.163137 100.000000
5121.764050 6217.981106 100.000000
5121.764050 6413.131127 100.000000
5121.764050 6427.208132 100.000000
5121.764050 6473.949096 100.000000
5234.722523 1850.879207 100.000000
5234.722523 2206.609941 100.000000
5234.722523 2243.272419 100.000000
5234.722523 2272.428541 100.000000
5234.722523 2354.149327 100.000000
5234.722523 2404.669225 100.000000
5234.722523 2462.577931 100.000000
5234.722523 2499.240409 100.000000
5234.722523 2528.396531 100.000000
5234.722523 2606.600072 100.000000
5234.722523 2660.637215 100.000000
5234.722523 2796.910963 100.000000
5234.722523 2835.765318 100.000000
5234.722523 2862.568062 100.000000
5234.722523 2933.157214 100.000000
5234.722523 3052.878953 100.000000
5234.722523 3091.733308 100.000000
5234.722523 3160.514639 100.000000
5234.722523 3189.125204 100.000000
5234.722523 3416.482629 100.000000
5234.722523 3598.830387 100.000000
5234.722523 3854.798377 100.000000
5234.722523 4664.918980 100.000000
5234.722523 4785.237520 100.000000
5234.722523 4890.381708 100.000000
5234.722523 4920.886970 100.000000
5234.722523 5041.205509 100.000000
5234.722523 5146.349698 100.000000
5234.722523 5159.545847 100.000000
5234.722523 5231.996967 100.000000
5234.722523 5415.513837 100.000000
5234.722523 5487.964957 100.000000
5234.722523 5641.650539 100.000000
5234.722523 5897.618529 100.000000
5234.722523 6157.163137 100.000000
5234.722523 6217.981106 100.000000
5234.722523 6413.131127 100.000000
5234.722523 6427.208132 100.000000
5234.722523 6473.949096 100.000000
5318.685193 1850.879207 100.000000
5318.685193 2206.609941 100.000000
5318.685193 2243.272419 100.000000
5318.685193 2272.428541 100.000000
5318.685193 2354.149327 100.000000
5318.685193 2404.669225 100.000000
5318.685193 2462.577931 100.000000
5318.685193 2499.240409 100.000000
5318.685193 2528.396531 100.000000
5318.685193 2606.600072 100.000000
5318.685193 2660.637215 100.000000
5318.685193 2796.910963 100.000000
5318.685193 2835.765318 100.000000
5318.685193 2862.568062 100.000000
5318.685193 2933.157214 100.000000
5318.685193 3052.878953 100.000000
5318.685193 3091.733308 100.000000
5318.685193 3160.514639 100.000000
5318.685193 3189.125204 100.000000
5318.685193 3416.482629 100.000000
5318.685193 3598.830387 100.000000
5318.685193 3854.798377 100.000000
5318.685193 4664.918980 100.000000
5318.685193 4785.237520 100.000000
5318.685193 4890.381708 100.000000
5318.685193 4920.886970 100.000000
5318.685193 5041.205509 100.000000
5318.685193 5146.349698 100.000000
5318.685193 5159.545847 100.000000
5318.685193 5231.996967 100.000000
5318.685193 5415.513837 100.000000
5318.685193 5487.964957 100.000000
5318.685193 5641.650539 100.000000
5318.685193 5897.618529 100.000000
5318.685193 6157.163137 100.000000
5318.685193 6217.981106 100.000000
5318.685193 6413.131127 100.000000
5318.685193 6427.208132 100.000000
5318.685193 6473.949096 100.000000
5374.613214 1850.879207 100.000000
5374.613214 2206.609941 100.000000
5374.613214 2243.272419 100.000000
5374.613214 2272.428541 100.000000
5374.613214 2354.149327 100.000000
5374.613214 2404.669225 100.000000
5374.613214 2462.577931 100.000000
5374.613214 2499.240409 100.000000
5374.613214 2528.396531 100.000000
5374.613214 2606.600072 100.000000
5374.613214 2660.637215 100.000000
5374.613214 2796.910963 100.000000
5374.613214 2835.765318 100.000000
5374.613214 2862.568062 100.000000
5374.613214 2933.157214 100.000000
5374.613214 3052.878953 100.000000
5374.613214 3091.733308 100.000000
5374.613214 3160.514639 100.000000
5374.613214 3189.125204 100.000000
5374.613214 3416.482629 100.000000
5374.613214 3598.830387 100.000000
5374.613214 3854.798377 100.000000
5374.613214 4664.918980 100.000000
5374.613214 4785.237520 100.000000
5374.613214 4890.381708 100.000000
5374.613214 4920.886970 100.000000
5374.613214 5041.205509 100.000000
5374.613214 5146.349698 100.000000
5374.613214 5159.545847 100.000000
5374.613214 5231.996967 100.000000
5374.613214 5415.513837 100.000000
5374.613214 5487.964957 100.000000
5374.613214 5641.650539 100.000000
5374.613214 5897.618529 100.000000
5374.613214 6157.163137 100.000000
5374.613214 6217.981106 100.000000
5374.613214 6413.131127 100.000000
5374.613214 6427.208132 100.000000
5374.613214 6473.949096 100.000000
5490.690513 1850.879207 100.000000
5490.690513 2206.609941 100.000000
5490.690513 2243.272419 100.000000
5490.690513 2272.428541 100.000000
5490.690513 2354.149327 100.000000
5490.690513 2404.669225 100.000000
5490.690513 2462.577931 100.000000
5490.690513 2499.240409 100.000000
5490.690513 2528.396531 100.000000
5490.690513 2606.600072 100.000000
5490.690513 2660.637215 100.000000
5490.690513 2796.910963 100.000000
5490.690513 2835.765318 100.000000
5490.690513 2862.568062 100.000000
5490.690513 2933.157214 100.000000
5490.690513 3052.878953 100.000000
5490.690513 3091.733308 100.000000
5490.690513 3160.514639 100.000000
5490.690513 3189.125204 100.000000
5490.690513 3416.482629 100.000000
5490.690513 3598.830387 100.000000
5490.690513 3854.798377 100.000000
5490.690513 4664.918980 100.000000
5490.690513 4785.237520 100.000000
5490.690513 4890.381708 100.000000
5490.690513 4920.886970 100.000000
5490.690513 5041.205509 100.000000
5490.690513 5146.349698 100.000000
5490.690513 5159.545847 100.000000
5490.690513 5231.996967 100.000000
5490.690513 5415.513837 100.000000
5490.690513 5487.964957 100.000000
5490.690513 5641.650539 100.000000
5490.690513 5897.618529 100.000000
5490.690513 6157.163137 100.000000
5490.690513 6217.981106 100.000000
5490.690513 6413.131127 100.000000
5490.690513 6427.208132 100.000000
5490.690513 6473.949096 100.000000
5567.490844 1850.879207 100.000000
5567.490844 2206.609941 100.000000
5567.490844 2243.272419 100.000000
5567.490844 2272.428541 100.000000
5567.490844 2354.149327 100.000000
5567.490844 2404.669225 100.000000
5567.490844 2462.577931 100.000000
5567.490844 2499.240409 100.000000
5567.490844 2528.396531 100.000000
5567.490844 2606.600072 100.000000
5567.490844 2660.637215 100.000000
5567.490844 2796.910963 100.000000
5567.490844 2835.765318 100.000000
5567.490844 2862.568062 100.000000
5567.490844 2933.157214 100.000000
5567.490844 3052.878953 100.000000
5567.490844 3091.733308 100.000000
5567.490844 3160.514639 100.000000
5567.490844 3189.125204 100.000000
5567.490844 3416.482629 100.000000
5567.490844 3598.830387 100.000000
5567.490844 3854.798377 100.000000
5567.490844 4664.918980 100.000000
5567.490844 4785.237520 100.000000
5567.490844 4890.381708 100.000000
5567.490844 4920.886970 100.000000
5567.490844 5041.205509 100.000000
5567.490844 5146.349698 100.000000
5567.490844 5159.545847 100.000000
5567.490844 5231.996967 100.000000
5567.490844 5415.513837 100.000000
5567.490844 5487.964957 100.000000
5567.490844 5641.650539 100.000000
5567.490844 5897.618529 100.000000
5567.490844 6157.163137 100.000000
5567.490844 6217.981106 100.000000
5567.490844 6413.131127 100.000000
5567.490844 6427.208132 100.000000
5567.490844 6473.949096 100.000000
5630.581204 1850.879207 100.000000
5630.581204 2206.609941 100.000000
5630.581204 2243.272419 100.000000
5630.581204 2272.428541 100.000000
5630.581204 2354.149327 100.000000
5630.581204 2404.669225 100.000000
5630.581204 2462.577931 100.000000
5630.581204 2499.240409 100.000000
5630.581204 2528.396531 100.000000
5630.581204 2606.600072 100.000000
5630.581204 2660.637215 100.000000
5630.581204 2796.910963 100.000000
5630.581204 2835.765318 100.000000
5630.581204 2862.568062 100.000000
5630.581204 2933.157214 100.000000
5630.581204 3052.878953 100.000000
5630.581204 3091.733308 100.000000
5630.581204 3160.514639 100.000000
5630.581204 3189.125204 100.000000
5630.581204 3416.482629 100.000000
5630.581204 3598.830387 100.000000
5630.581204 3854.798377 100.000000
5630.581204 4664.918980 100.000000
5630.581204 4785.237520 100.000000
5630.581204 4890.381708 100.000000
5630.581204 4920.886970 100.000000
5630.581204 5041.205509 100.000000
5630.581204 5146.349698 100.000000
5630.581204 5159.545847 100.000000
5630.581204 5231.996967 100.000000
5630.581204 5415.513837 100.000000
5630.581204 5487.964957 100.000000
5630.581204 5641.650539 100.000000
5630.581204 5897.618529 100.000000
5630.581204 6157.163137 100.000000
5630.581204 6217.981106 100.000000
5630.581204 6413.131127 100.000000
5630.581204 6427.208132 100.000000
5630.581204 6473.949096 100.000000
5687.131612 1850.879207 100.000000
5687.131612 2206.609941 100.000000
5687.131612 2243.272419 100.000000
5687.131612 2272.428541 100.000000
5687.131612 2354.149327 100.000000
5687.131612 2404.669225 100.000000
5687.131612 2462.577931 100.000000
5687.131612 2499.240409 100.000000
5687.131612 2528.396531 100.000000
5687.131612 2606.600072 100.000000
5687.131612 2660.637215 100.000000
5687.131612 2796.910963 100.000000
5687.131612 2835.765318 100.000000
5687.131612 2862.568062 100.000000
5687.131612 2933.157214 100.000000
5687.131612 3052.878953 100.000000
5687.131612 3091.733308 100.000000
5687.131612 3160.514639 100.000000
5687.131612 3189.125204 100.000000
5687.131612 3416.482629 100.000000
5687.131612 3598.830387 100.000000
5687.131612 3854.798377 100.000000
5687.131612 4664.918980 100.000000
5687.131612 4785.237520 100.000000
5687.131612 4890.381708 100.000000
5687.131612 4920.886970 100.000000
5687.131612 5041.205509 100.000000
5687.131612 5146.349698 100.000000
5687.131612 5159.545847 100.000000
5687.131612 5231.996967 100.000000
5687.131612 5415.513837 100.000000
5687.131612 5487.964957 100.000000
5687.131612 5641.650539 100.000000
5687.131612 5897.618529 100.000000
5687.131612 6157.163137 100.000000
5687.131612 6217.981106 100.000000
5687.131612 6413.131127 100.000000
5687.131612 6427.208132 100.000000
5687.131612 6473.949096 100.000000
5764.048050 1850.879207 100.000000
5764.048050 2206.609941 100.000000
5764.048050 2243.272419 100.000000
5764.048050 2272.428541 100.000000
5764.048050 2354.149327 100.000000
5764.048050 2404.669225 100.000000
5764.048050 2462.577931 100.000000
5764.048050 2499.240409 100.000000
5764.048050 2528.396531 100.000000
5764.048050 2606.600072 100.000000
5764.048050 2660.637215 100.000000
5764.048050 2796.910963 100.000000
5764.048050 2835.765318 100.000000
5764.048050 2862.568062 100.000000
5764.048050 2933.157214 100.000000
5764.048050 3052.878953 100.000000
5764.048050 3091.733308 100.000000
5764.048050 3160.514639 100.000000
5764.048050 3189.125204 100.000000
5764.048050 3416.482629 100.000000
5764.048050 3598.830387 100.000000
5764.048050 3854.798377 100.000000
5764.048050 4664.918980 100.000000
5764.048050 4785.237520 100.000000
5764.048050 4890.381708 100.000000
5764.048050 4920.886970 100.000000
5764.048050 5041.205509 100.000000
5764.048050 5146.349698 100.000000
5764.048050 5159.545847 100.000000
5764.048050 5231.996967 100.000000
5764.048050 5415.513837 100.000000
5764.048050 5487.964957 100.000000
5764.048050 5641.650539 100.000000
5764.048050 5897.618529 100.000000
5764.048050 6157.163137 100.000000
5764.048050 6217.981106 100.000000
5764.048050 6413.131127 100.000000
5764.048050 6427.208132 100.000000
5764.048050 6473.949096 100.000000
5823.458834 1850.879207 100.000000
5823.458834 2206.609941 100.000000
5823.458834 2243.272419 100.000000
5823.458834 2272.428541 100.000000
5823.458834 2354.149327 100.000000
5823.458834 2404.669225 100.000000
5823.458834 2462.577931 100.000000
5823.458834 2499.240409 100.000000
5823.458834 2528.396531 100.000000
5823.458834 2606.600072 100.000000
5823.458834 2660.637215 100.000000
5823.458834 2796.910963 100.000000
5823.458834 2835.765318 100.000000
5823.458834 2862.568062 100.000000
5823.458834 2933.157214 100.000000
5823.458834 3052.878953 100.000000
5823.458834 3091.733308 100.000000
5823.458834 3160.514639 100.000000
5823.458834 3189.125204 100.000000
5823.458834 3416.482629 100.000000
5823.458834 3598.830387 100.000000
5823.458834 3854.798377 100.000000
5823.458834 4664.918980 100.000000
5823.458834 4785.237520 100.000000
5823.458834 4890.381708 100.000000
5823.458834 4920.886970 100.000000
5823.458834 5041.205509 100.000000
5823.458834 5146.349698 100.000000
5823.458834 5159.545847 100.000000
5823.458834 5231.996967 100.000000
5823.458834 5415.513837 100.000000
5823.458834 5487.964957 100.000000
5823.458834 5641.650539 100.000000
5823.458834 5897.618529 100.000000
5823.458834 6157.163137 100.000000
5823.458834 6217.981106 100.000000
5823.458834 6413.131127 100.000000
5823.458834 6427.208132 100.000000
5823.458834 6473.949096 100.000000
5943.099602 1850.879207 100.000000
5943.099602 2206.609941 100.000000
5943.099602 2243.272419 100.000000
5943.099602 2272.428541 100.000000
5943.099602 2354.149327 100.000000
5943.099602 2404.669225 100.000000
5943.099602 2462.577931 100.000000
5943.099602 2499.240409 100.000000
5943.099602 2528.396531 100.000000
5943.099602 2606.600072 100.000000
5943.099602 2660.637215 100.000000
5943.099602 2796.910963 100.000000
5943.099602 2835.765318 100.000000
5943.099602 2862.568062 100.000000
5943.099602 2933.157214 100.000000
5943.099602 3052.878953 100.000000
5943.099602 3091.733308 100.000000
5943.099602 3160.514639 100.000000
5943.099602 3189.125204 100.000000
5943.099602 3416.482629 100.000000
5943.099602 3598.830387 100.000000
5943.099602 3854.798377 100.000000
5943.099602 4664.918980 100.000000
5943.099602 4785.237520 100.000000
5943.099602 4890.381708 100.000000
5943.099602 4920.886970 100.000000
5943.099602 5041.205509 100.000000
5943.099602 5146.349698 100.000000
5943.099602 5159.545847 100.000000
5943.099602 5231.996967 100.000000
5943.099602 5415.513837 100.000000
5943.099602 5487.964957 100.000000
5943.099602 5641.650539 100.000000
5943.099602 5897.618529 100.000000
5943.099602 6157.163137 100.000000
5943.099602 6217.981106 100.000000
5943.099602 6413.131127 100.000000
5943.099602 6427.208132 100.000000
5943.099602 6473.949096 100.000000
6020.016039 1850.879207 100.000000
6020.016039 2206.609941 100.000000
6020.016039 2243.272419 100.000000
6020.016039 2272.428541 100.000000
6020.016039 2354.149327 100.000000
6020.016039 2404.669225 100.000000
6020.016039 2462.577931 100.000000
6020.016039 2499.240409 100.000000
6020.016039 2528.396531 100.000000
6020.016039 2606.600072 100.000000
6020.016039 2660.637215 100.000000
6020.016039 2796.910963 100.000000
6020.016039 2835.765318 100.000000
6020.016039 2862.568062 100.000000
6020.016039 2933.157214 100.000000
6020.016039 3052.878953 100.000000
6020.016039 3091.733308 100.000000
6020.016039 3160.514639 100.000000
6020.016039 3189.125204 100.000000
6020.016039 3416.482629 100.000000
6020.016039 3598.830387 100.000000
6020.016039 3854.798377 100.000000
6020.016039 4664.918980 100.000000
6020.016039 4785.237520 100.000000
6020.016039 4890.381708 100.000000
6020.016039 4920.886970 100.000000
6020.016039 5041.205509 100.000000
6020.016039 5146.349698 100.000000
6020.016039 5159.545847 100.000000
6020.016039 5231.996967 100.000000
6020.016039 5415.513837 100.000000
6020.016039 5487.964957 100.000000
6020.016039 5641.650539 100.000000
6020.016039 5897.618529 100.000000
6020.016039 6157.163137 100.000000
6020.016039 6217.981106 100.000000
6020.016039 6413.131127 100.000000
6020.016039 6427.208132 100.000000
6020.016039 6473.949096 100.000000
6225.351554 1850.879207 100.000000
6225.351554 2206.609941 100.000000
6225.351554 2243.272419 100.000000
6225.351554 2272.428541 100.000000
6225.351554 2354.149327 100.000000
6225.351554 2404.669225 100.000000
6225.351554 2462.577931 100.000000
6225.351554 2499.240409 100.000000
6225.351554 2528.396531 100.000000
6225.351554 2606.600072 100.000000
6225.351554 2660.637215 100.000000
6225.351554 2796.910963 100.000000
6225.351554 2835.765318 100.000000
6225.351554 2862.568062 100.000000
6225.351554 2933.157214 100.000000
6225.351554 3052.878953 100.000000
6225.351554 3091.733308 100.000000
6225.351554 3160.514639 100.000000
6225.351554 3189.125204 100.000000
6225.351554 3416.482629 100.000000
6225.351554 3598.830387 100.000000
6225.351554 3854.798377 100.000000
6225.351554 4664.918980 100.000000
6225.351554 4785.237520 100.000000
6225.351554 4890.381708 100.000000
6225.351554 4920.886970 100.000000
6225.351554 5041.205509 100.000000
6225.351554 5146.349698 100.000000
6225.351554 5159.545847 100.000000
6225.351554 5231.996967 100.000000
6225.351554 5415.513837 100.000000
6225.351554 5487.964957 100.000000
6225.351554 5641.650539 100.000000
6225.351554 5897.618529 100.000000
6225.351554 6157.163137 100.000000
6225.351554 6217.981106 100.000000
6225.351554 6413.131127 100.000000
6225.351554 6427.208132 100.000000
6225.351554 6473.949096 100.000000
6261.810040 1850.879207 100.000000
6261.810040 2206.609941 100.000000
6261.810040 2243.272419 100.000000
6261.810040 2272.428541 100.000000
6261.810040 2354.149327 100.000000
6261.810040 2404.669225 100.000000
6261.810040 2462.577931 100.000000
6261.810040 2499.240409 100.000000
6261.810040 2528.396531 100.000000
6261.810040 2606.600072 100.000000
6261.810040 2660.637215 100.000000
6261.810040 2796.910963 100.000000
6261.810040 2835.765318 100.000000
6261.810040 2862.568062 100.000000
6261.810040 2933.157214 100.000000
6261.810040 3052.878953 100.000000
6261.810040 3091.733308 100.000000
6261.810040 3160.514639 100.000000
6261.810040 3189.125204 100.000000
6261.810040 3416.482629 100.000000
6261.810040 3598.830387 100.000000
6261.810040 3854.798377 100.000000
6261.810040 4664.918980 100.000000
6261.810040 4785.237520 100.000000
6261.810040 4890.381708 100.000000
6261.810040 4920.886970 100.000000
6261.810040 5041.205509 100.000000
6261.810040 5146.349698 100.000000
6261.810040 5159.545847 100.000000
6261.810040 5231.996967 100.000000
6261.810040 5415.513837 100.000000
6261.810040 5487.964957 100.000000
6261.810040 5641.650539 100.000000
6261.810040 5897.618529 100.000000
6261.810040 6157.163137 100.000000
6261.810040 6217.981106 100.000000
6261.810040 6413.131127 100.000000
6261.810040 6427.208132 100.000000
6261.810040 6473.949096 100.000000
6289.618981 1850.879207 100.000000
6289.618981 2206.609941 100.000000
6289.618981 2243.272419 100.000000
6289.618981 2272.428541 100.000000
6289.618981 2354.149327 100.000000
6289.618981 2404.669225 100.000000
6289.618981 2462.577931 100.000000
6289.618981 2499.240409 100.000000
6289.618981 2528.396531 100.000000
6289.618981 2606.600072 100.000000
6289.618981 2660.637215 100.000000
6289.618981 2796.910963 100.000000
6289.618981 2835.765318 100.000000
6289.618981 2862.568062 100.000000
6289.618981 2933.157214 100.000000
6289.618981 3052.878953 100.000000
6289.618981 3091.733308 100.000000
6289.618981 3160.514639 100.000000
6289.618981 3189.125204 100.000000
6289.618981 3416.482629 100.000000
6289.618981 3598.830387 100.000000
6289.618981 3854.798377 100.000000
6289.618981 4664.918980 100.000000
6289.618981 4785.237520 100.000000
6289.618981 4890.381708 100.000000
6289.618981 4920.886970 100.000000
6289.618981 5041.205509 100.000000
6289.618981 5146.349698 100.000000
6289.618981 5159.545847 100.000000
6289.618981 5231.996967 100.000000
6289.618981 5415.513837 100.000000
6289.618981 5487.964957 100.000000
6289.618981 5641.650539 100.000000
6289.618981 5897.618529 100.000000
6289.618981 6157.163137 100.000000
6289.618981 6217.981106 100.000000
6289.618981 6413.131127 100.000000
6289.618981 6427.208132 100.000000
6289.618981 6473.949096 100.000000
6481.319543 1850.879207 100.000000
6481.319543 2206.609941 100.000000
6481.319543 2243.272419 100.000000
6481.319543 2272.428541 100.000000
6481.319543 2354.149327 100.000000
6481.319543 2404.669225 100.000000
6481.319543 2462.577931 100.000000
6481.319543 2499.240409 100.000000
6481.319543 2528.396531 100.000000
6481.319543 2606.600072 100.000000
6481.319543 2660.637215 100.000000
6481.319543 2796.910963 100.000000
6481.319543 2835.765318 100.000000
6481.319543 2862.568062 100.000000
6481.319543 2933.157214 100.000000
6481.319543 3052.878953 100.000000
6481.319543 3091.733308 100.000000
6481.319543 3160.514639 100.000000
6481.319543 3189.125204 100.000000
6481.319543 3416.482629 100.000000
6481.319543 3598.830387 100.000000
6481.319543 3854.798377 100.000000
6481.319543 4664.918980 100.000000
6481.319543 4785.237520 100.000000
6481.319543 4890.381708 100.000000
6481.319543 4920.886970 100.000000
6481.319543 5041.205509 100.000000
6481.319543 5146.349698 100.000000
6481.319543 5159.545847 100.000000
6481.319543 5231.996967 100.000000
6481.319543 5415.513837 100.000000
6481.319543 5487.964957 100.000000
6481.319543 5641.650539 100.000000
6481.319543 5897.618529 100.000000
6481.319543 6157.163137 100.000000
6481.319543 6217.981106 100.000000
6481.319543 6413.131127 100.000000
6481.319543 6427.208132 100.000000
6481.319543 6473.949096 100.000000
6517.778030 1850.879207 100.000000
6517.778030 2206.609941 100.000000
6517.778030 2243.272419 100.000000
6517.778030 2272.428541 100.000000
6517.778030 2354.149327 100.000000
6517.778030 2404.669225 100.000000
6517.778030 2462.577931 100.000000
6517.778030 2499.240409 100.000000
6517.778030 2528.396531 100.000000
6517.778030 2606.600072 100.000000
6517.778030 2660.637215 100.000000
6517.778030 2796.910963 100.000000
6517.778030 2835.765318 100.000000
6517.778030 2862.568062 100.000000
6517.778030 2933.157214 100.000000
6517.778030 3052.878953 100.000000
6517.778030 3091.733308 100.000000
6517.778030 3160.514639 100.000000
6517.778030 3189.125204 100.000000
6517.778030 3416.482629 100.000000
6517.778030 3598.830387 100.000000
6517.778030 3854.798377 100.000000
6517.778030 4664.918980 100.000000
6517.778030 4785.237520 100.000000
6517.778030 4890.381708 100.000000
6517.778030 4920.886970 100.000000
6517.778030 5041.205509 100.000000
6517.778030 5146.349698 100.000000
6517.778030 5159.545847 100.000000
6517.778030 5231.996967 100.000000
6517.778030 5415.513837 100.000000
6517.778030 5487.964957 100.000000
6517.778030 5641.650539 100.000000
6517.778030 5897.618529 100.000000
6517.778030 6157.163137 100.000000
6517.778030 6217.981106 100.000000
6517.778030 6413.131127 100.000000
6517.778030 6427.208132 100.000000
6517.778030 6473.949096 100.000000
6545.586970 1850.879207 100.000000
6545.586970 2206.609941 100.000000
6545.586970 2243.272419 100.000000
6545.586970 2272.428541 100.000000
6545.586970 2354.149327 100.000000
6545.586970 2404.669225 100.000000
6545.586970 2462.577931 100.000000
6545.586970 2499.240409 100.000000
6545.586970 2528.396531 100.000000
6545.586970 2606.600072 100.000000
6545.586970 2660.637215 100.000000
6545.586970 2796.910963 100.000000
6545.586970 2835.765318 100.000000
6545.586970 2862.568062 100.000000
6545.586970 2933.157214 100.000000
6545.586970 3052.878953 100.000000
6545.586970 3091.733308 100.000000
6545.586970 3160.514639 100.000000
6545.586970 3189.125204 100.000000
6545.586970 3416.482629 100.000000
6545.586970 3598.830387 100.000000
6545.586970 3854.798377 100.000000
6545.586970 4664.918980 100.000000
6545.586970 4785.237520 100.000000
6545.586970 4890.381708 100.000000
6545.586970 4920.886970 100.000000
6545.586970 5041.205509 100.000000
6545.586970 5146.349698 100.000000
6545.586970 5159.545847 100.000000
6545.586970 5231.996967 100.000000
6545.586970 5415.513837 100.000000
6545.586970 5487.964957 100.000000
6545.586970 5641.650539 100.000000
6545.586970 5897.618529 100.000000
6545.586970 6157.163137 100.000000
6545.586970 6217.981106 100.000000
6545.586970 6413.131127 100.000000
6545.586970 6427.208132 100.000000
6545.586970 6473.949096 100.000000
6617.953307 1850.879207 100.000000
6617.953307 2206.609941 100.000000
6617.953307 2243.272419 100.000000
6617.953307 2272.428541 100.000000
6617.953307 2354.149327 100.000000
6617.953307 2404.669225 100.000000
6617.953307 2462.577931 100.000000
6617.953307 2499.240409 100.000000
6617.953307 2528.396531 100.000000
6617.953307 2606.600072 100.000000
6617.953307 2660.637215 100.000000
6617.953307 2796.910963 100.000000
6617.953307 2835.765318 100.000000
6617.953307 2862.568062 100.000000
6617.953307 2933.157214 100.000000
6617.953307 3052.878953 100.000000
6617.953307 3091.733308 100.000000
6617.953307 3160.514639 100.000000
6617.953307 3189.125204 100.000000
6617.953307 3416.482629 100.000000
6617.953307 3598.830387 100.000000
6617.953307 3854.798377 100.000000
6617.953307 4664.918980 100.000000
6617.953307 4785.237520 100.000000
6617.953307 4890.381708 100.000000
6617.953307 4920.886970 100.000000
6617.953307 5041.205509 100.000000
6617.953307 5146.349698 100.000000
6617.953307 5159.545847 100.000000
6617.953307 5231.996967 100.000000
6617.953307 5415.513837 100.000000
6617.953307 5487.964957 100.000000
6617.953307 5641.650539 100.000000
6617.953307 5897.618529 100.000000
6617.953307 6157.163137 100.000000
6617.953307 6217.981106 100.000000
6617.953307 6413.131127 100.000000
6617.953307 6427.208132 100.000000
6617.953307 6473.949096 100.000000
6661.732908 1850.879207 100.000000
6661.732908 2206.609941 100.000000
6661.732908 2243.272419 100.000000
6661.732908 2272.428541 100.000000
6661.732908 2354.149327 100.000000
6661.732908 2404.669225 100.000000
6661.732908 2462.577931 100.000000
6661.732908 2499.240409 100.000000
6661.732908 2528.396531 100.000000
6661.732908 2606.600072 100.000000
6661.732908 2660.637215 100.000000
6661.732908 2796.910963 100.000000
6661.732908 2835.765318 100.000000
6661.732908 2862.568062 100.000000
6661.732908 2933.157214 100.000000
6661.732908 3052.878953 100.000000
6661.732908 3091.733308 100.000000
6661.732908 3160.514639 100.000000
6661.732908 3189.125204 100.000000
6661.732908 3416.482629 100.000000
6661.732908 3598.830387 100.000000
6661.732908 3854.798377 100.000000
6661.732908 4664.918980 100.000000
6661.732908 4785.237520 100.000000
6661.732908 4890.381708 100.000000
6661.732908 4920.886970 100.000000
6661.732908 5041.205509 100.000000
6661.732908 5146.349698 100.000000
6661.732908 5159.545847 100.000000
6661.732908 5231.996967 100.000000
6661.732908 5415.513837 100.000000
6661.732908 5487.964957 100.000000
6661.732908 5641.650539 100.000000
6661.732908 5897.618529 100.000000
6661.732908 6157.163137 100.000000
6661.732908 6217.981106 100.000000
6661.732908 6413.131127 100.000000
6661.732908 6427.208132 100.000000
6661.732908 6473.949096 100.000000
6808.111626 1850.879207 100.000000
6808.111626 2206.609941 100.000000
6808.111626 2243.272419 100.000000
6808.111626 2272.428541 100.000000
6808.111626 2354.149327 100.000000
6808.111626 2404.669225 100.000000
6808.111626 2462.577931 100.000000
6808.111626 2499.240409 100.000000
6808.111626 2528.396531 100.000000
6808.111626 2606.600072 100.000000
6808.111626 2660.637215 100.000000
6808.111626 2796.910963 100.000000
6808.111626 2835.765318 100.000000
6808.111626 2862.568062 100.000000
6808.111626 2933.157214 100.000000
6808.111626 3052.878953 100.000000
6808.111626 3091.733308 100.000000
6808.111626 3160.514639 100.000000
6808.111626 3189.125204 100.000000
6808.111626 3416.482629 100.000000
6808.111626 3598.830387 100.000000
6808.111626 3854.798377 100.000000
6808.111626 4664.918980 100.000000
6808.111626 4785.237520 100.000000
6808.111626 4890.381708 100.000000
6808.111626 4920.886970 100.000000
6808.111626 5041.205509 100.000000
6808.111626 5146.349698 100.000000
6808.111626 5159.545847 100.000000
6808.111626 5231.996967 100.000000
6808.111626 5415.513837 100.000000
6808.111626 5487.964957 100.000000
6808.111626 5641.650539 100.000000
6808.111626 5897.618529 100.000000
6808.111626 6157.163137 100.000000
6808.111626 6217.981106 100.000000
6808.111626 6413.131127 100.000000
6808.111626 6427.208132 100.000000
6808.111626 6473.949096 100.000000
6873.921296 1850.879207 100.000000
6873.921296 2206.609941 100.000000
6873.921296 2243.272419 100.000000
6873.921296 2272.428541 100.000000
6873.921296 2354.149327 100.000000
6873.921296 2404.669225 100.000000
6873.921296 2462.577931 100.000000
6873.921296 2499.240409 100.000000
6873.921296 2528.396531 100.000000
6873.921296 2606.600072 100.000000
6873.921296 2660.637215 100.000000
6873.921296 2796.910963 100.000000
6873.921296 2835.765318 100.000000
6873.921296 2862.568062 100.000000
6873.921296 2933.157214 100.000000
6873.921296 3052.878953 100.000000
6873.921296 3091.733308 100.000000
6873.921296 3160.514639 100.000000
6873.921296 3189.125204 100.000000
6873.921296 3416.482629 100.000000
6873.921296 3598.830387 100.000000
6873.921296 3854.798377 100.000000
6873.921296 4664.918980 100.000000
6873.921296 4785.237520 100.000000
6873.921296 4890.381708 100.000000
6873.921296 4920.886970 100.000000
6873.921296 5041.205509 100.000000
6873.921296 5146.349698 100.000000
6873.921296 5159.545847 100.000000
6873.921296 5231.996967 100.000000
6873.921296 5415.513837 100.000000
6873.921296 5487.964957 100.000000
6873.921296 5641.650539 100.000000
6873.921296 5897.618529 100.000000
6873.921296 6157.163137 100.000000
6873.921296 6217.981106 100.000000
6873.921296 6413.131127 100.000000
6873.921296 6427.208132 100.000000
6873.921296 6473.949096 100.000000
6917.700897 1850.879207 100.000000
6917.700897 2206.609941 100.000000
6917.700897 2243.272419 100.000000
6917.700897 2272.428541 100.000000
6917.700897 2354.149327 100.000000
6917.700897 2404.669225 100.000000
6917.700897 2462.577931 100.000000
6917.700897 2499.240409 100.000000
6917.700897 2528.396531 100.000000
6917.700897 2606.600072 100.000000
6917.700897 2660.637215 100.000000
6917.700897 2796.910963 100.000000
6917.700897 2835.765318 100.000000
6917.700897 2862.568062 100.000000
6917.700897 2933.157214 100.000000
6917.700897 3052.878953 100.000000
6917.700897 3091.733308 100.000000
6917.700897 3160.514639 100.000000
6917.700897 3189.125204 100.000000
6917.700897 3416.482629 100.000000
6917.700897 3598.830387 100.000000
6917.700897 3854.798377 100.000000
6917.700897 4664.918980 100.000000
6917.700897 4785.237520 100.000000
6917.700897 4890.381708 100.000000
6917.700897 4920.886970 100.000000
6917.700897 5041.205509 100.000000
6917.700897 5146.349698 100.000000
6917.700897 5159.545847 100.000000
6917.700897 5231.996967 100.000000
6917.700897 5415.513837 100.000000
6917.700897 5487.964957 100.000000
6917.700897 5641.650539 100.000000
6917.700897 5897.618529 100.000000
6917.700897 6157.163137 100.000000
6917.700897 6217.981106 100.000000
6917.700897 6413.131127 100.000000
6917.700897 6427.208132 100.000000
6917.700897 6473.949096 100.000000
7031.853194 1850.879207 100.000000
7031.853194 2206.609941 100.000000
7031.853194 2243.272419 100.000000
7031.853194 2272.428541 100.000000
7031.853194 2354.149327 100.000000
7031.853194 2404.669225 100.000000
7031.853194 2462.577931 100.000000
7031.853194 2499.240409 100.000000
7031.853194 2528.396531 100.000000
7031.853194 2606.600072 100.000000
7031.853194 2660.637215 100.000000
7031.853194 2796.910963 100.000000
7031.853194 2835.765318 100.000000
7031.853194 2862.568062 100.000000
7031.853194 2933.157214 100.000000
7031.853194 3052.878953 100.000000
7031.853194 3091.733308 100.000000
7031.853194 3160.514639 100.000000
7031.853194 3189.125204 100.000000
7031.853194 3416.482629 100.000000
7031.853194 3598.830387 100.000000
7031.853194 3854.798377 100.000000
7031.853194 4664.918980 100.000000
7031.853194 4785.237520 100.000000
7031.853194 4890.381708 100.000000
7031.853194 4920.886970 100.000000
7031.853194 5041.205509 100.000000
7031.853194 5146.349698 100.000000
7031.853194 5159.545847 100.000000
7031.853194 5231.996967 100.000000
7031.853194 5415.513837 100.000000
7031.853194 5487.964957 100.000000
7031.853194 5641.650539 100.000000
7031.853194 5897.618529 100.000000
7031.853194 6157.163137 100.000000
7031.853194 6217.981106 100.000000
7031.853194 6413.131127 100.000000
7031.853194 6427.208132 100.000000
7031.853194 6473.949096 100.000000
7064.079616 1850.879207 100.000000
7064.079616 2206.609941 100.000000
7064.079616 2243.272419 100.000000
7064.079616 2272.428541 100.000000
7064.079616 2354.149327 100.000000
7064.079616 2404.669225 100.000000
7064.079616 2462.577931 100.000000
7064.079616 2499.240409 100.000000
7064.079616 2528.396531 100.000000
7064.079616 2606.600072 100.000000
7064.079616 2660.637215 100.000000
7064.079616 2796.910963 100.000000
7064.079616 2835.765318 100.000000
7064.079616 2862.568062 100.000000
7064.079616 2933.157214 100.000000
7064.079616 3052.878953 100.000000
7064.079616 3091.733308 100.000000
7064.079616 3160.514639 100.000000
7064.079616 3189.125204 100.000000
7064.079616 3416.482629 100.000000
7064.079616 3598.830387 100.000000
7064.079616 3854.798377 100.000000
7064.079616 4664.918980 100.000000
7064.079616 4785.237520 100.000000
7064.079616 4890.381708 100.000000
7064.079616 4920.886970 100.000000
7064.079616 5041.205509 100.000000
7064.079616 5146.349698 100.000000
7064.079616 5159.545847 100.000000
7064.079616 5231.996967 100.000000
7064.079616 5415.513837 100.000000
7064.079616 5487.964957 100.000000
7064.079616 5641.650539 100.000000
7064.079616 5897.618529 100.000000
7064.079616 6157.163137 100.000000
7064.079616 6217.981106 100.000000
7064.079616 6413.131127 100.000000
7064.079616 6427.208132 100.000000
7064.079616 6473.949096 100.000000
7134.318912 1850.879207 100.000000
7134.318912 2206.609941 100.000000
7134.318912 2243.272419 100.000000
7134.318912 2272.428541 100.000000
7134.318912 2354.149327 100.000000
7134.318912 2404.669225 100.000000
7134.318912 2462.577931 100.000000
7134.318912 2499.240409 100.000000
7134.318912 2528.396531 100.000000
7134.318912 2606.600072 100.000000
7134.318912 2660.637215 100.000000
7134.318912 2796.910963 100.000000
7134.318912 2835.765318 100.000000
7134.318912 2862.568062 100.000000
7134.318912 2933.157214 100.000000
7134.318912 3052.878953 100.000000
7134.318912 3091.733308 100.000000
7134.318912 3160.514639 100.000000
7134.318912 3189.125204 100.000000
7134.318912 3416.482629 100.000000
7134.318912 3598.830387 100.000000
7134.318912 3854.798377 100.000000
7134.318912 4664.918980 100.000000
7134.318912 4785.237520 100.000000
7134.318912 4890.381708 100.000000
7134.318912 4920.886970 100.000000
7134.318912 5041.205509 100.000000
7134.318912 5146.349698 100.000000
7134.318912 5159.545847 100.000000
7134.318912 5231.996967 100.000000
7134.318912 5415.513837 100.000000
7134.318912 5487.964957 100.000000
7134.318912 5641.650539 100.000000
7134.318912 5897.618529 100.000000
7134.318912 6157.163137 100.000000
7134.318912 6217.981106 100.000000
7134.318912 6413.131127 100.000000
7134.318912 6427.208132 100.000000
7134.318912 6473.949096 100.000000
