0 1 94.144127
1 2 16.968540
2 3 27.647572
3 4 84.836659
4 5 16.968540
5 6 305.545871
6 7 13.341977
7 8 103.853579
8 9 12.257216
9 10 13.341977
10 11 103.853579
11 12 47.419122
12 13 129.452772
13 14 98.141932
14 15 60.770299
15 16 68.682473
16 17 60.770299
17 18 36.531185
0 19 86.949065
1 20 86.949065
19 20 94.144127
2 21 86.949065
20 21 16.968540
3 22 86.949065
21 22 27.647572
4 23 86.949065
22 23 84.836659
5 24 86.949065
23 24 16.968540
6 25 86.949065
24 25 305.545871
7 26 86.949065
25 26 13.341977
8 27 86.949065
26 27 103.853579
9 28 86.949065
27 28 12.257216
10 29 86.949065
28 29 13.341977
11 30 86.949065
29 30 103.853579
12 31 86.949065
30 31 47.419122
13 32 86.949065
31 32 129.452772
14 33 86.949065
32 33 98.141932
15 34 86.949065
33 34 60.770299
16 35 86.949065
34 35 68.682473
17 36 86.949065
35 36 60.770299
18 37 86.949065
36 37 36.531185
19 38 63.861468
20 39 63.861468
38 39 94.144127
21 40 63.861468
39 40 16.968540
22 41 63.861468
40 41 27.647572
23 42 63.861468
41 42 84.836659
24 43 63.861468
42 43 16.968540
25 44 63.861468
43 44 305.545871
26 45 63.861468
44 45 13.341977
27 46 191.584405
45 46 311.560736
28 47 191.584405
46 47 36.771649
29 48 63.861468
47 48 40.025932
30 49 63.861468
48 49 103.853579
31 50 63.861468
49 50 47.419122
32 51 63.861468
50 51 129.452772
33 52 63.861468
51 52 98.141932
34 53 63.861468
52 53 60.770299
35 54 63.861468
53 54 68.682473
36 55 63.861468
54 55 60.770299
37 56 63.861468
55 56 36.531185
38 57 13.039898
39 58 13.039898
57 58 94.144127
40 59 13.039898
58 59 16.968540
43 62 13.039898
44 63 13.039898
62 63 305.545871
45 64 13.039898
63 64 13.341977
46 65 39.119693
64 65 311.560736
47 66 39.119693
65 66 36.771649
48 67 13.039898
66 67 40.025932
49 68 13.039898
67 68 103.853579
50 69 13.039898
68 69 47.419122
51 70 13.039898
69 70 129.452772
52 71 13.039898
70 71 98.141932
53 72 13.039898
71 72 60.770299
54 73 13.039898
72 73 68.682473
55 74 13.039898
73 74 60.770299
56 75 13.039898
74 75 36.531185
57 76 52.551406
58 77 157.654219
76 77 282.432382
59 78 157.654219
77 78 50.905621
62 81 52.551406
63 82 52.551406
81 82 305.545871
64 83 52.551406
82 83 13.341977
65 84 157.654219
83 84 103.853579
66 85 157.654219
84 85 12.257216
67 86 52.551406
85 86 13.341977
68 87 52.551406
86 87 103.853579
69 88 52.551406
87 88 47.419122
70 89 52.551406
71 90 52.551406
89 90 98.141932
72 91 52.551406
90 91 60.770299
73 92 52.551406
91 92 68.682473
74 93 52.551406
92 93 60.770299
75 94 52.551406
93 94 36.531185
76 95 40.232835
77 96 120.698505
95 96 282.432382
78 97 120.698505
96 97 50.905621
81 100 40.232835
82 101 40.232835
100 101 305.545871
83 102 40.232835
101 102 13.341977
84 103 40.232835
102 103 103.853579
85 104 40.232835
103 104 12.257216
86 105 40.232835
104 105 13.341977
87 106 40.232835
105 106 103.853579
88 107 40.232835
106 107 47.419122
89 108 40.232835
90 109 40.232835
108 109 98.141932
91 110 40.232835
109 110 60.770299
92 111 40.232835
110 111 68.682473
93 112 40.232835
111 112 60.770299
94 113 40.232835
112 113 36.531185
95 114 23.628633
96 115 70.885900
114 115 282.432382
97 116 70.885900
115 116 50.905621
116 117 82.942717
117 118 84.836659
100 119 23.628633
118 119 16.968540
101 120 23.628633
119 120 305.545871
102 121 23.628633
120 121 13.341977
103 122 23.628633
121 122 103.853579
104 123 23.628633
122 123 12.257216
105 124 23.628633
123 124 13.341977
106 125 23.628633
124 125 103.853579
107 126 23.628633
125 126 47.419122
108 127 23.628633
109 128 23.628633
127 128 98.141932
110 129 23.628633
128 129 60.770299
111 130 70.885900
129 130 206.047418
112 131 23.628633
130 131 182.310898
113 132 23.628633
131 132 36.531185
114 133 13.039898
115 134 39.119693
133 134 94.144127
116 135 39.119693
134 135 16.968540
117 136 13.039898
135 136 27.647572
118 137 13.039898
136 137 84.836659
119 138 13.039898
137 138 16.968540
120 139 13.039898
138 139 305.545871
121 140 13.039898
139 140 13.341977
122 141 13.039898
140 141 103.853579
123 142 13.039898
141 142 12.257216
124 143 13.039898
142 143 13.341977
125 144 13.039898
143 144 103.853579
126 145 13.039898
144 145 47.419122
127 146 13.039898
128 147 13.039898
146 147 98.141932
129 148 13.039898
147 148 60.770299
130 149 39.119693
148 149 206.047418
131 150 13.039898
149 150 182.310898
132 151 13.039898
150 151 36.531185
133 152 24.977535
134 153 24.977535
152 153 94.144127
135 154 24.977535
153 154 16.968540
136 155 24.977535
154 155 27.647572
137 156 24.977535
155 156 84.836659
138 157 24.977535
156 157 16.968540
139 158 24.977535
157 158 305.545871
140 159 24.977535
158 159 13.341977
141 160 24.977535
159 160 103.853579
142 161 24.977535
160 161 12.257216
143 162 24.977535
161 162 13.341977
144 163 24.977535
162 163 103.853579
145 164 24.977535
163 164 47.419122
146 165 24.977535
164 165 129.452772
147 166 24.977535
165 166 98.141932
148 167 24.977535
166 167 60.770299
149 168 74.932604
167 168 206.047418
150 169 24.977535
168 169 182.310898
151 170 24.977535
169 170 36.531185
152 171 38.557951
153 172 38.557951
171 172 94.144127
154 173 38.557951
172 173 16.968540
155 174 38.557951
173 174 27.647572
156 175 38.557951
174 175 84.836659
157 176 38.557951
175 176 16.968540
158 177 38.557951
176 177 305.545871
159 178 38.557951
177 178 13.341977
160 179 38.557951
178 179 103.853579
161 180 38.557951
179 180 12.257216
162 181 38.557951
180 181 13.341977
163 182 38.557951
181 182 103.853579
164 183 38.557951
182 183 47.419122
165 184 38.557951
183 184 129.452772
166 185 38.557951
184 185 98.141932
168 187 115.673853
169 188 38.557951
187 188 182.310898
170 189 38.557951
188 189 36.531185
171 190 29.248755
172 191 29.248755
190 191 94.144127
173 192 29.248755
191 192 16.968540
174 193 29.248755
192 193 27.647572
175 194 29.248755
193 194 84.836659
176 195 29.248755
194 195 16.968540
177 196 29.248755
195 196 305.545871
178 197 87.746266
196 197 40.025932
179 198 87.746266
197 198 311.560736
180 199 29.248755
198 199 36.771649
181 200 29.248755
199 200 13.341977
182 201 29.248755
200 201 103.853579
183 202 29.248755
201 202 47.419122
184 203 29.248755
202 203 129.452772
185 204 29.248755
203 204 98.141932
187 206 87.746266
188 207 29.248755
206 207 60.770299
189 208 29.248755
207 208 36.531185
190 209 61.646066
191 210 61.646066
209 210 94.144127
192 211 61.646066
210 211 16.968540
193 212 61.646066
211 212 27.647572
194 213 61.646066
212 213 84.836659
195 214 61.646066
213 214 16.968540
196 215 61.646066
214 215 305.545871
197 216 184.938197
215 216 40.025932
198 217 184.938197
216 217 311.560736
199 218 61.646066
217 218 36.771649
200 219 61.646066
218 219 13.341977
201 220 61.646066
219 220 103.853579
202 221 61.646066
220 221 47.419122
203 222 61.646066
221 222 129.452772
204 223 61.646066
222 223 98.141932
223 224 60.770299
206 225 61.646066
224 225 68.682473
207 226 61.646066
225 226 60.770299
208 227 61.646066
226 227 36.531185
209 228 38.557951
210 229 38.557951
228 229 94.144127
211 230 38.557951
229 230 16.968540
212 231 38.557951
230 231 27.647572
213 232 38.557951
231 232 84.836659
214 233 38.557951
232 233 16.968540
215 234 38.557951
233 234 305.545871
216 235 115.673853
234 235 13.341977
217 236 115.673853
235 236 103.853579
218 237 38.557951
236 237 12.257216
219 238 38.557951
237 238 13.341977
220 239 38.557951
238 239 103.853579
221 240 38.557951
239 240 47.419122
222 241 38.557951
240 241 129.452772
223 242 38.557951
241 242 98.141932
224 243 38.557951
242 243 60.770299
225 244 38.557951
243 244 68.682473
226 245 38.557951
244 245 60.770299
227 246 38.557951
245 246 36.531185
228 247 460.638129
229 248 460.638129
247 248 94.144127
230 249 460.638129
248 249 16.968540
231 250 460.638129
249 250 27.647572
232 251 460.638129
250 251 84.836659
233 252 460.638129
251 252 16.968540
234 253 460.638129
252 253 305.545871
235 254 460.638129
253 254 13.341977
236 255 460.638129
254 255 103.853579
237 256 460.638129
255 256 12.257216
238 257 460.638129
256 257 13.341977
239 258 460.638129
257 258 103.853579
240 259 460.638129
258 259 47.419122
241 260 460.638129
259 260 129.452772
242 261 460.638129
260 261 98.141932
243 262 460.638129
261 262 60.770299
244 263 460.638129
262 263 68.682473
245 264 460.638129
263 264 60.770299
246 265 460.638129
264 265 36.531185
247 266 95.139942
248 267 95.139942
266 267 94.144127
251 270 95.139942
252 271 95.139942
270 271 16.968540
253 272 95.139942
271 272 305.545871
254 273 95.139942
272 273 13.341977
255 274 95.139942
273 274 103.853579
256 275 95.139942
274 275 12.257216
257 276 95.139942
275 276 13.341977
258 277 95.139942
276 277 103.853579
259 278 95.139942
277 278 47.419122
260 279 95.139942
278 279 129.452772
261 280 95.139942
279 280 98.141932
262 281 95.139942
280 281 60.770299
263 282 95.139942
281 282 68.682473
264 283 95.139942
282 283 60.770299
265 284 95.139942
283 284 36.531185
266 285 34.312831
267 286 34.312831
285 286 94.144127
286 287 16.968540
287 288 27.647572
270 289 34.312831
288 289 84.836659
271 290 34.312831
289 290 16.968540
272 291 34.312831
290 291 305.545871
273 292 34.312831
291 292 13.341977
274 293 34.312831
292 293 103.853579
278 297 34.312831
279 298 34.312831
297 298 129.452772
280 299 34.312831
298 299 98.141932
281 300 34.312831
299 300 60.770299
282 301 34.312831
300 301 68.682473
283 302 34.312831
301 302 60.770299
284 303 34.312831
302 303 36.531185
285 304 16.392286
286 305 16.392286
304 305 94.144127
287 306 16.392286
305 306 16.968540
288 307 16.392286
306 307 27.647572
289 308 16.392286
307 308 84.836659
290 309 16.392286
308 309 16.968540
291 310 16.392286
309 310 305.545871
292 311 16.392286
310 311 13.341977
293 312 16.392286
311 312 103.853579
297 316 16.392286
298 317 16.392286
316 317 129.452772
299 318 16.392286
317 318 98.141932
300 319 16.392286
318 319 60.770299
301 320 16.392286
319 320 68.682473
302 321 16.392286
320 321 60.770299
303 322 16.392286
321 322 36.531185
304 323 78.747655
305 324 78.747655
323 324 94.144127
306 325 78.747655
324 325 16.968540
307 326 78.747655
325 326 27.647572
308 327 78.747655
326 327 84.836659
309 328 78.747655
327 328 16.968540
310 329 78.747655
328 329 305.545871
311 330 78.747655
329 330 13.341977
312 331 78.747655
330 331 103.853579
331 332 36.771649
332 333 40.025932
333 334 311.560736
316 335 78.747655
334 335 47.419122
317 336 78.747655
335 336 129.452772
318 337 78.747655
336 337 98.141932
319 338 78.747655
337 338 60.770299
320 339 78.747655
338 339 68.682473
321 340 78.747655
339 340 60.770299
322 341 78.747655
340 341 36.531185
323 342 50.705117
324 343 50.705117
342 343 94.144127
325 344 50.705117
343 344 16.968540
326 345 50.705117
344 345 27.647572
327 346 50.705117
345 346 84.836659
328 347 50.705117
346 347 16.968540
329 348 50.705117
347 348 305.545871
330 349 50.705117
348 349 13.341977
331 350 50.705117
349 350 103.853579
332 351 152.115350
350 351 12.257216
333 352 152.115350
351 352 13.341977
334 353 50.705117
352 353 103.853579
335 354 50.705117
353 354 47.419122
336 355 50.705117
354 355 129.452772
337 356 50.705117
355 356 98.141932
338 357 50.705117
356 357 60.770299
339 358 50.705117
357 358 68.682473
340 359 50.705117
358 359 60.770299
341 360 50.705117
359 360 36.531185
342 361 96.776741
343 362 96.776741
361 362 94.144127
344 363 96.776741
362 363 16.968540
345 364 96.776741
363 364 27.647572
346 365 96.776741
364 365 84.836659
347 366 96.776741
365 366 16.968540
348 367 96.776741
366 367 305.545871
349 368 96.776741
367 368 13.341977
350 369 96.776741
368 369 103.853579
351 370 96.776741
369 370 12.257216
352 371 96.776741
370 371 13.341977
353 372 96.776741
371 372 103.853579
354 373 96.776741
372 373 47.419122
355 374 96.776741
373 374 129.452772
356 375 96.776741
374 375 98.141932
357 376 96.776741
375 376 60.770299
358 377 96.776741
376 377 68.682473
359 378 96.776741
377 378 60.770299
360 379 96.776741
378 379 36.531185
380 381 94.144127
381 382 16.968540
382 383 27.647572
383 384 84.836659
384 385 16.968540
385 386 305.545871
386 387 13.341977
387 388 103.853579
388 389 12.257216
389 390 13.341977
390 391 103.853579
391 392 47.419122
392 393 129.452772
393 394 98.141932
394 395 60.770299
395 396 68.682473
396 397 60.770299
397 398 36.531185
380 399 86.949065
381 400 86.949065
399 400 94.144127
382 401 86.949065
400 401 16.968540
383 402 86.949065
401 402 27.647572
384 403 86.949065
402 403 84.836659
385 404 86.949065
403 404 16.968540
386 405 86.949065
404 405 305.545871
387 406 86.949065
405 406 13.341977
388 407 86.949065
406 407 103.853579
389 408 86.949065
407 408 12.257216
390 409 86.949065
408 409 13.341977
391 410 86.949065
409 410 103.853579
392 411 86.949065
410 411 47.419122
393 412 86.949065
411 412 129.452772
394 413 86.949065
412 413 98.141932
395 414 86.949065
413 414 60.770299
396 415 86.949065
414 415 68.682473
397 416 86.949065
415 416 60.770299
398 417 86.949065
416 417 36.531185
399 418 63.861468
400 419 63.861468
418 419 94.144127
401 420 63.861468
419 420 16.968540
402 421 63.861468
420 421 27.647572
403 422 63.861468
421 422 84.836659
404 423 63.861468
422 423 16.968540
405 424 63.861468
423 424 305.545871
406 425 63.861468
424 425 13.341977
407 426 191.584405
425 426 311.560736
408 427 191.584405
426 427 36.771649
409 428 63.861468
427 428 40.025932
410 429 63.861468
428 429 103.853579
411 430 63.861468
429 430 47.419122
412 431 63.861468
430 431 129.452772
413 432 63.861468
431 432 98.141932
414 433 63.861468
432 433 60.770299
415 434 63.861468
433 434 68.682473
416 435 63.861468
434 435 60.770299
417 436 63.861468
435 436 36.531185
418 437 13.039898
419 438 13.039898
437 438 94.144127
420 439 13.039898
438 439 16.968540
423 442 13.039898
424 443 13.039898
442 443 305.545871
425 444 13.039898
443 444 13.341977
426 445 39.119693
444 445 311.560736
427 446 39.119693
445 446 36.771649
428 447 13.039898
446 447 40.025932
429 448 13.039898
447 448 103.853579
430 449 13.039898
448 449 47.419122
431 450 13.039898
449 450 129.452772
432 451 13.039898
450 451 98.141932
433 452 13.039898
451 452 60.770299
434 453 13.039898
452 453 68.682473
435 454 13.039898
453 454 60.770299
436 455 13.039898
454 455 36.531185
437 456 52.551406
438 457 157.654219
456 457 282.432382
439 458 157.654219
457 458 50.905621
442 461 52.551406
443 462 52.551406
461 462 305.545871
444 463 52.551406
462 463 13.341977
445 464 157.654219
463 464 103.853579
446 465 157.654219
464 465 12.257216
447 466 52.551406
465 466 13.341977
448 467 52.551406
466 467 103.853579
449 468 52.551406
467 468 47.419122
450 469 52.551406
451 470 52.551406
469 470 98.141932
452 471 52.551406
470 471 60.770299
453 472 52.551406
471 472 68.682473
454 473 52.551406
472 473 60.770299
455 474 52.551406
473 474 36.531185
456 475 40.232835
457 476 120.698505
475 476 282.432382
458 477 120.698505
476 477 50.905621
461 480 40.232835
462 481 40.232835
480 481 305.545871
463 482 40.232835
481 482 13.341977
464 483 40.232835
482 483 103.853579
465 484 40.232835
483 484 12.257216
466 485 40.232835
484 485 13.341977
467 486 40.232835
485 486 103.853579
468 487 40.232835
486 487 47.419122
469 488 40.232835
470 489 40.232835
488 489 98.141932
471 490 40.232835
489 490 60.770299
472 491 40.232835
490 491 68.682473
473 492 40.232835
491 492 60.770299
474 493 40.232835
492 493 36.531185
475 494 23.628633
476 495 70.885900
494 495 282.432382
477 496 70.885900
495 496 50.905621
496 497 82.942717
497 498 84.836659
480 499 23.628633
498 499 16.968540
481 500 23.628633
499 500 305.545871
482 501 23.628633
500 501 13.341977
483 502 23.628633
501 502 103.853579
484 503 23.628633
502 503 12.257216
485 504 23.628633
503 504 13.341977
486 505 23.628633
504 505 103.853579
487 506 23.628633
505 506 47.419122
488 507 23.628633
489 508 23.628633
507 508 98.141932
490 509 23.628633
508 509 60.770299
491 510 70.885900
509 510 206.047418
492 511 23.628633
510 511 182.310898
493 512 23.628633
511 512 36.531185
494 513 13.039898
495 514 39.119693
513 514 94.144127
496 515 39.119693
514 515 16.968540
497 516 13.039898
515 516 27.647572
498 517 13.039898
516 517 84.836659
499 518 13.039898
517 518 16.968540
500 519 13.039898
518 519 305.545871
501 520 13.039898
519 520 13.341977
502 521 13.039898
520 521 103.853579
503 522 13.039898
521 522 12.257216
504 523 13.039898
522 523 13.341977
505 524 13.039898
523 524 103.853579
506 525 13.039898
524 525 47.419122
507 526 13.039898
508 527 13.039898
526 527 98.141932
509 528 13.039898
527 528 60.770299
510 529 39.119693
528 529 206.047418
511 530 13.039898
529 530 182.310898
512 531 13.039898
530 531 36.531185
513 532 24.977535
514 533 24.977535
532 533 94.144127
515 534 24.977535
533 534 16.968540
516 535 24.977535
534 535 27.647572
517 536 24.977535
535 536 84.836659
518 537 24.977535
536 537 16.968540
519 538 24.977535
537 538 305.545871
520 539 24.977535
538 539 13.341977
521 540 24.977535
539 540 103.853579
522 541 24.977535
540 541 12.257216
523 542 24.977535
541 542 13.341977
524 543 24.977535
542 543 103.853579
525 544 24.977535
543 544 47.419122
526 545 24.977535
544 545 129.452772
527 546 24.977535
545 546 98.141932
528 547 24.977535
546 547 60.770299
529 548 74.932604
547 548 206.047418
530 549 24.977535
548 549 182.310898
531 550 24.977535
549 550 36.531185
532 551 38.557951
533 552 38.557951
551 552 94.144127
534 553 38.557951
552 553 16.968540
535 554 38.557951
553 554 27.647572
536 555 38.557951
554 555 84.836659
537 556 38.557951
555 556 16.968540
538 557 38.557951
556 557 305.545871
539 558 38.557951
557 558 13.341977
540 559 38.557951
558 559 103.853579
541 560 38.557951
559 560 12.257216
542 561 38.557951
560 561 13.341977
543 562 38.557951
561 562 103.853579
544 563 38.557951
562 563 47.419122
545 564 38.557951
563 564 129.452772
546 565 38.557951
564 565 98.141932
548 567 115.673853
549 568 38.557951
567 568 182.310898
550 569 38.557951
568 569 36.531185
551 570 29.248755
552 571 29.248755
570 571 94.144127
553 572 29.248755
571 572 16.968540
554 573 29.248755
572 573 27.647572
555 574 29.248755
573 574 84.836659
556 575 29.248755
574 575 16.968540
557 576 29.248755
575 576 305.545871
558 577 87.746266
576 577 40.025932
559 578 87.746266
577 578 311.560736
560 579 29.248755
578 579 36.771649
561 580 29.248755
579 580 13.341977
562 581 29.248755
580 581 103.853579
563 582 29.248755
581 582 47.419122
564 583 29.248755
582 583 129.452772
565 584 29.248755
583 584 98.141932
567 586 87.746266
568 587 29.248755
586 587 60.770299
569 588 29.248755
587 588 36.531185
570 589 61.646066
571 590 61.646066
589 590 94.144127
572 591 61.646066
590 591 16.968540
573 592 61.646066
591 592 27.647572
574 593 61.646066
592 593 84.836659
575 594 61.646066
593 594 16.968540
576 595 61.646066
594 595 305.545871
577 596 184.938197
595 596 40.025932
578 597 184.938197
596 597 311.560736
579 598 61.646066
597 598 36.771649
580 599 61.646066
598 599 13.341977
581 600 61.646066
599 600 103.853579
582 601 61.646066
600 601 47.419122
583 602 61.646066
601 602 129.452772
584 603 61.646066
602 603 98.141932
603 604 60.770299
586 605 61.646066
604 605 68.682473
587 606 61.646066
605 606 60.770299
588 607 61.646066
606 607 36.531185
589 608 38.557951
590 609 38.557951
608 609 94.144127
591 610 38.557951
609 610 16.968540
592 611 38.557951
610 611 27.647572
593 612 38.557951
611 612 84.836659
594 613 38.557951
612 613 16.968540
595 614 38.557951
613 614 305.545871
596 615 115.673853
614 615 13.341977
597 616 115.673853
615 616 103.853579
598 617 38.557951
616 617 12.257216
599 618 38.557951
617 618 13.341977
600 619 38.557951
618 619 103.853579
601 620 38.557951
619 620 47.419122
602 621 38.557951
620 621 129.452772
603 622 38.557951
621 622 98.141932
604 623 38.557951
622 623 60.770299
605 624 38.557951
623 624 68.682473
606 625 38.557951
624 625 60.770299
607 626 38.557951
625 626 36.531185
608 627 460.638129
609 628 460.638129
627 628 94.144127
610 629 460.638129
628 629 16.968540
611 630 460.638129
629 630 27.647572
612 631 460.638129
630 631 84.836659
613 632 460.638129
631 632 16.968540
614 633 460.638129
632 633 305.545871
615 634 460.638129
633 634 13.341977
616 635 460.638129
634 635 103.853579
617 636 460.638129
635 636 12.257216
618 637 460.638129
636 637 13.341977
619 638 460.638129
637 638 103.853579
620 639 460.638129
638 639 47.419122
621 640 460.638129
639 640 129.452772
622 641 460.638129
640 641 98.141932
623 642 460.638129
641 642 60.770299
624 643 460.638129
642 643 68.682473
625 644 460.638129
643 644 60.770299
626 645 460.638129
644 645 36.531185
627 646 95.139942
628 647 95.139942
646 647 94.144127
631 650 95.139942
632 651 95.139942
650 651 16.968540
633 652 95.139942
651 652 305.545871
634 653 95.139942
652 653 13.341977
635 654 95.139942
653 654 103.853579
636 655 95.139942
654 655 12.257216
637 656 95.139942
655 656 13.341977
638 657 95.139942
656 657 103.853579
639 658 95.139942
657 658 47.419122
640 659 95.139942
658 659 129.452772
641 660 95.139942
659 660 98.141932
642 661 95.139942
660 661 60.770299
643 662 95.139942
661 662 68.682473
644 663 95.139942
662 663 60.770299
645 664 95.139942
663 664 36.531185
646 665 34.312831
647 666 34.312831
665 666 94.144127
666 667 16.968540
667 668 27.647572
650 669 34.312831
668 669 84.836659
651 670 34.312831
669 670 16.968540
652 671 34.312831
670 671 305.545871
653 672 34.312831
671 672 13.341977
654 673 34.312831
672 673 103.853579
658 677 34.312831
659 678 34.312831
677 678 129.452772
660 679 34.312831
678 679 98.141932
661 680 34.312831
679 680 60.770299
662 681 34.312831
680 681 68.682473
663 682 34.312831
681 682 60.770299
664 683 34.312831
682 683 36.531185
665 684 16.392286
666 685 16.392286
684 685 94.144127
667 686 16.392286
685 686 16.968540
668 687 16.392286
686 687 27.647572
669 688 16.392286
687 688 84.836659
670 689 16.392286
688 689 16.968540
671 690 16.392286
689 690 305.545871
672 691 16.392286
690 691 13.341977
673 692 16.392286
691 692 103.853579
677 696 16.392286
678 697 16.392286
696 697 129.452772
679 698 16.392286
697 698 98.141932
680 699 16.392286
698 699 60.770299
681 700 16.392286
699 700 68.682473
682 701 16.392286
700 701 60.770299
683 702 16.392286
701 702 36.531185
684 703 78.747655
685 704 78.747655
703 704 94.144127
686 705 78.747655
704 705 16.968540
687 706 78.747655
705 706 27.647572
688 707 78.747655
706 707 84.836659
689 708 78.747655
707 708 16.968540
690 709 78.747655
708 709 305.545871
691 710 78.747655
709 710 13.341977
692 711 78.747655
710 711 103.853579
711 712 36.771649
712 713 40.025932
713 714 311.560736
696 715 78.747655
714 715 47.419122
697 716 78.747655
715 716 129.452772
698 717 78.747655
716 717 98.141932
699 718 78.747655
717 718 60.770299
700 719 78.747655
718 719 68.682473
701 720 78.747655
719 720 60.770299
702 721 78.747655
720 721 36.531185
703 722 50.705117
704 723 50.705117
722 723 94.144127
705 724 50.705117
723 724 16.968540
706 725 50.705117
724 725 27.647572
707 726 50.705117
725 726 84.836659
708 727 50.705117
726 727 16.968540
709 728 50.705117
727 728 305.545871
710 729 50.705117
728 729 13.341977
711 730 50.705117
729 730 103.853579
712 731 152.115350
730 731 12.257216
713 732 152.115350
731 732 13.341977
714 733 50.705117
732 733 103.853579
715 734 50.705117
733 734 47.419122
716 735 50.705117
734 735 129.452772
717 736 50.705117
735 736 98.141932
718 737 50.705117
736 737 60.770299
719 738 50.705117
737 738 68.682473
720 739 50.705117
738 739 60.770299
721 740 50.705117
739 740 36.531185
722 741 96.776741
723 742 96.776741
741 742 94.144127
724 743 96.776741
742 743 16.968540
725 744 96.776741
743 744 27.647572
726 745 96.776741
744 745 84.836659
727 746 96.776741
745 746 16.968540
728 747 96.776741
746 747 305.545871
729 748 96.776741
747 748 13.341977
730 749 96.776741
748 749 103.853579
731 750 96.776741
749 750 12.257216
732 751 96.776741
750 751 13.341977
733 752 96.776741
751 752 103.853579
734 753 96.776741
752 753 47.419122
735 754 96.776741
753 754 129.452772
736 755 96.776741
754 755 98.141932
737 756 96.776741
755 756 60.770299
738 757 96.776741
756 757 68.682473
739 758 96.776741
757 758 60.770299
740 759 96.776741
758 759 36.531185
0 380 100.000000
1 381 100.000000
2 382 100.000000
3 383 100.000000
4 384 100.000000
5 385 100.000000
6 386 100.000000
7 387 100.000000
8 388 100.000000
9 389 100.000000
10 390 100.000000
11 391 100.000000
12 392 100.000000
13 393 100.000000
14 394 100.000000
15 395 100.000000
16 396 100.000000
17 397 100.000000
18 398 100.000000
19 399 100.000000
20 400 100.000000
21 401 100.000000
22 402 100.000000
23 403 100.000000
24 404 100.000000
25 405 100.000000
26 406 100.000000
27 407 100.000000
28 408 100.000000
29 409 100.000000
30 410 100.000000
31 411 100.000000
32 412 100.000000
33 413 100.000000
34 414 100.000000
35 415 100.000000
36 416 100.000000
37 417 100.000000
38 418 100.000000
39 419 100.000000
40 420 100.000000
41 421 100.000000
42 422 100.000000
43 423 100.000000
44 424 100.000000
45 425 100.000000
46 426 300.000000
47 427 300.000000
48 428 100.000000
49 429 100.000000
50 430 100.000000
51 431 100.000000
52 432 100.000000
53 433 100.000000
54 434 100.000000
55 435 100.000000
56 436 100.000000
57 437 100.000000
58 438 100.000000
59 439 100.000000
62 442 100.000000
63 443 100.000000
64 444 100.000000
65 445 300.000000
66 446 300.000000
67 447 100.000000
68 448 100.000000
69 449 100.000000
70 450 100.000000
71 451 100.000000
72 452 100.000000
73 453 100.000000
74 454 100.000000
75 455 100.000000
76 456 100.000000
77 457 300.000000
78 458 300.000000
81 461 100.000000
82 462 100.000000
83 463 100.000000
84 464 100.000000
85 465 100.000000
86 466 100.000000
87 467 100.000000
88 468 100.000000
89 469 100.000000
90 470 100.000000
91 471 100.000000
92 472 100.000000
93 473 100.000000
94 474 100.000000
95 475 100.000000
96 476 300.000000
97 477 300.000000
100 480 100.000000
101 481 100.000000
102 482 100.000000
103 483 100.000000
104 484 100.000000
105 485 100.000000
106 486 100.000000
107 487 100.000000
108 488 100.000000
109 489 100.000000
110 490 100.000000
111 491 100.000000
112 492 100.000000
113 493 100.000000
114 494 100.000000
115 495 300.000000
116 496 300.000000
117 497 100.000000
118 498 100.000000
119 499 100.000000
120 500 100.000000
121 501 100.000000
122 502 100.000000
123 503 100.000000
124 504 100.000000
125 505 100.000000
126 506 100.000000
127 507 100.000000
128 508 100.000000
129 509 100.000000
130 510 300.000000
131 511 100.000000
132 512 100.000000
133 513 100.000000
134 514 100.000000
135 515 100.000000
136 516 100.000000
137 517 100.000000
138 518 100.000000
139 519 100.000000
140 520 100.000000
141 521 100.000000
142 522 100.000000
143 523 100.000000
144 524 100.000000
145 525 100.000000
146 526 100.000000
147 527 100.000000
148 528 100.000000
149 529 300.000000
150 530 100.000000
151 531 100.000000
152 532 100.000000
153 533 100.000000
154 534 100.000000
155 535 100.000000
156 536 100.000000
157 537 100.000000
158 538 100.000000
159 539 100.000000
160 540 100.000000
161 541 100.000000
162 542 100.000000
163 543 100.000000
164 544 100.000000
165 545 100.000000
166 546 100.000000
167 547 100.000000
168 548 300.000000
169 549 100.000000
170 550 100.000000
171 551 100.000000
172 552 100.000000
173 553 100.000000
174 554 100.000000
175 555 100.000000
176 556 100.000000
177 557 100.000000
178 558 100.000000
179 559 100.000000
180 560 100.000000
181 561 100.000000
182 562 100.000000
183 563 100.000000
184 564 100.000000
185 565 100.000000
187 567 300.000000
188 568 100.000000
189 569 100.000000
190 570 100.000000
191 571 100.000000
192 572 100.000000
193 573 100.000000
194 574 100.000000
195 575 100.000000
196 576 100.000000
197 577 300.000000
198 578 300.000000
199 579 100.000000
200 580 100.000000
201 581 100.000000
202 582 100.000000
203 583 100.000000
204 584 100.000000
206 586 100.000000
207 587 100.000000
208 588 100.000000
209 589 100.000000
210 590 100.000000
211 591 100.000000
212 592 100.000000
213 593 100.000000
214 594 100.000000
215 595 100.000000
216 596 300.000000
217 597 300.000000
218 598 100.000000
219 599 100.000000
220 600 100.000000
221 601 100.000000
222 602 100.000000
223 603 100.000000
224 604 100.000000
225 605 100.000000
226 606 100.000000
227 607 100.000000
228 608 100.000000
229 609 100.000000
230 610 100.000000
231 611 100.000000
232 612 100.000000
233 613 100.000000
234 614 100.000000
235 615 100.000000
236 616 100.000000
237 617 100.000000
238 618 100.000000
239 619 100.000000
240 620 100.000000
241 621 100.000000
242 622 100.000000
243 623 100.000000
244 624 100.000000
245 625 100.000000
246 626 100.000000
247 627 100.000000
248 628 100.000000
249 629 100.000000
250 630 100.000000
251 631 100.000000
252 632 100.000000
253 633 100.000000
254 634 100.000000
255 635 100.000000
256 636 100.000000
257 637 100.000000
258 638 100.000000
259 639 100.000000
260 640 100.000000
261 641 100.000000
262 642 100.000000
263 643 100.000000
264 644 100.000000
265 645 100.000000
266 646 100.000000
267 647 100.000000
270 650 100.000000
271 651 100.000000
272 652 100.000000
273 653 100.000000
274 654 100.000000
275 655 100.000000
276 656 100.000000
277 657 100.000000
278 658 100.000000
279 659 100.000000
280 660 100.000000
281 661 100.000000
282 662 100.000000
283 663 100.000000
284 664 100.000000
285 665 100.000000
286 666 100.000000
287 667 100.000000
288 668 100.000000
289 669 100.000000
290 670 100.000000
291 671 100.000000
292 672 100.000000
293 673 100.000000
297 677 100.000000
298 678 100.000000
299 679 100.000000
300 680 100.000000
301 681 100.000000
302 682 100.000000
303 683 100.000000
304 684 100.000000
305 685 100.000000
306 686 100.000000
307 687 100.000000
308 688 100.000000
309 689 100.000000
310 690 100.000000
311 691 100.000000
312 692 100.000000
316 696 100.000000
317 697 100.000000
318 698 100.000000
319 699 100.000000
320 700 100.000000
321 701 100.000000
322 702 100.000000
323 703 100.000000
324 704 100.000000
325 705 100.000000
326 706 100.000000
327 707 100.000000
328 708 100.000000
329 709 100.000000
330 710 100.000000
331 711 100.000000
332 712 300.000000
333 713 300.000000
334 714 100.000000
335 715 100.000000
336 716 100.000000
337 717 100.000000
338 718 100.000000
339 719 100.000000
340 720 100.000000
341 721 100.000000
342 722 100.000000
343 723 100.000000
344 724 100.000000
345 725 100.000000
346 726 100.000000
347 727 100.000000
348 728 100.000000
349 729 100.000000
350 730 100.000000
351 731 100.000000
352 732 100.000000
353 733 100.000000
354 734 100.000000
355 735 100.000000
356 736 100.000000
357 737 100.000000
358 738 100.000000
359 739 100.000000
360 740 100.000000
361 741 100.000000
362 742 100.000000
363 743 100.000000
364 744 100.000000
365 745 100.000000
366 746 100.000000
367 747 100.000000
368 748 100.000000
369 749 100.000000
370 750 100.000000
371 751 100.000000
372 752 100.000000
373 753 100.000000
374 754 100.000000
375 755 100.000000
376 756 100.000000
377 757 100.000000
378 758 100.000000
379 759 100.000000
