4539.431431 3749.706883 100.000000
4539.431431 3843.851011 100.000000
4539.431431 3860.819551 100.000000
4539.431431 3888.467124 100.000000
4539.431431 3973.303783 100.000000
4539.431431 3990.272323 100.000000
4539.431431 4295.818194 100.000000
4539.431431 4309.160171 100.000000
4539.431431 4413.013750 100.000000
4539.431431 4425.270966 100.000000
4539.431431 4438.612943 100.000000
4539.431431 4542.466522 100.000000
4539.431431 4589.885644 100.000000
4539.431431 4719.338416 100.000000
4539.431431 4817.480347 100.000000
4539.431431 4878.250647 100.000000
4539.431431 4946.933119 100.000000
4539.431431 5007.703419 100.000000
4539.431431 5044.234604 100.000000
4626.380496 3749.706883 100.000000
4626.380496 3843.851011 100.000000
4626.380496 3860.819551 100.000000
4626.380496 3888.467124 100.000000
4626.380496 3973.303783 100.000000
4626.380496 3990.272323 100.000000
4626.380496 4295.818194 100.000000
4626.380496 4309.160171 100.000000
4626.380496 4413.013750 100.000000
4626.380496 4425.270966 100.000000
4626.380496 4438.612943 100.000000
4626.380496 4542.466522 100.000000
4626.380496 4589.885644 100.000000
4626.380496 4719.338416 100.000000
4626.380496 4817.480347 100.000000
4626.380496 4878.250647 100.000000
4626.380496 4946.933119 100.000000
4626.380496 5007.703419 100.000000
4626.380496 5044.234604 100.000000
4690.241964 3749.706883 100.000000
4690.241964 3843.851011 100.000000
4690.241964 3860.819551 100.000000
4690.241964 3888.467124 100.000000
4690.241964 3973.303783 100.000000
4690.241964 3990.272323 100.000000
4690.241964 4295.818194 100.000000
4690.241964 4309.160171 100.000000
4690.241964 4413.013750 100.000000
4690.241964 4425.270966 100.000000
4690.241964 4438.612943 100.000000
4690.241964 4542.466522 100.000000
4690.241964 4589.885644 100.000000
4690.241964 4719.338416 100.000000
4690.241964 4817.480347 100.000000
4690.241964 4878.250647 100.000000
4690.241964 4946.933119 100.000000
4690.241964 5007.703419 100.000000
4690.241964 5044.234604 100.000000
4703.281862 3749.706883 100.000000
4703.281862 3843.851011 100.000000
4703.281862 3860.819551 100.000000
4703.281862 3888.467124 100.000000
4703.281862 3973.303783 100.000000
4703.281862 3990.272323 100.000000
4703.281862 4295.818194 100.000000
4703.281862 4309.160171 100.000000
4703.281862 4413.013750 100.000000
4703.281862 4425.270966 100.000000
4703.281862 4438.612943 100.000000
4703.281862 4542.466522 100.000000
4703.281862 4589.885644 100.000000
4703.281862 4719.338416 100.000000
4703.281862 4817.480347 100.000000
4703.281862 4878.250647 100.000000
4703.281862 4946.933119 100.000000
4703.281862 5007.703419 100.000000
4703.281862 5044.234604 100.000000
4755.833268 3749.706883 100.000000
4755.833268 3843.851011 100.000000
4755.833268 3860.819551 100.000000
4755.833268 3888.467124 100.000000
4755.833268 3973.303783 100.000000
4755.833268 3990.272323 100.000000
4755.833268 4295.818194 100.000000
4755.833268 4309.160171 100.000000
4755.833268 4413.013750 100.000000
4755.833268 4425.270966 100.000000
4755.833268 4438.612943 100.000000
4755.833268 4542.466522 100.000000
4755.833268 4589.885644 100.000000
4755.833268 4719.338416 100.000000
4755.833268 4817.480347 100.000000
4755.833268 4878.250647 100.000000
4755.833268 4946.933119 100.000000
4755.833268 5007.703419 100.000000
4755.833268 5044.234604 100.000000
4796.066103 3749.706883 100.000000
4796.066103 3843.851011 100.000000
4796.066103 3860.819551 100.000000
4796.066103 3888.467124 100.000000
4796.066103 3973.303783 100.000000
4796.066103 3990.272323 100.000000
4796.066103 4295.818194 100.000000
4796.066103 4309.160171 100.000000
4796.066103 4413.013750 100.000000
4796.066103 4425.270966 100.000000
4796.066103 4438.612943 100.000000
4796.066103 4542.466522 100.000000
4796.066103 4589.885644 100.000000
4796.066103 4719.338416 100.000000
4796.066103 4817.480347 100.000000
4796.066103 4878.250647 100.000000
4796.066103 4946.933119 100.000000
4796.066103 5007.703419 100.000000
4796.066103 5044.234604 100.000000
4819.694736 3749.706883 100.000000
4819.694736 3843.851011 100.000000
4819.694736 3860.819551 100.000000
4819.694736 3888.467124 100.000000
4819.694736 3973.303783 100.000000
4819.694736 3990.272323 100.000000
4819.694736 4295.818194 100.000000
4819.694736 4309.160171 100.000000
4819.694736 4413.013750 100.000000
4819.694736 4425.270966 100.000000
4819.694736 4438.612943 100.000000
4819.694736 4542.466522 100.000000
4819.694736 4589.885644 100.000000
4819.694736 4719.338416 100.000000
4819.694736 4817.480347 100.000000
4819.694736 4878.250647 100.000000
4819.694736 4946.933119 100.000000
4819.694736 5007.703419 100.000000
4819.694736 5044.234604 100.000000
4832.734634 3749.706883 100.000000
4832.734634 3843.851011 100.000000
4832.734634 3860.819551 100.000000
4832.734634 3888.467124 100.000000
4832.734634 3973.303783 100.000000
4832.734634 3990.272323 100.000000
4832.734634 4295.818194 100.000000
4832.734634 4309.160171 100.000000
4832.734634 4413.013750 100.000000
4832.734634 4425.270966 100.000000
4832.734634 4438.612943 100.000000
4832.734634 4542.466522 100.000000
4832.734634 4589.885644 100.000000
4832.734634 4719.338416 100.000000
4832.734634 4817.480347 100.000000
4832.734634 4878.250647 100.000000
4832.734634 4946.933119 100.000000
4832.734634 5007.703419 100.000000
4832.734634 5044.234604 100.000000
4857.712169 3749.706883 100.000000
4857.712169 3843.851011 100.000000
4857.712169 3860.819551 100.000000
4857.712169 3888.467124 100.000000
4857.712169 3973.303783 100.000000
4857.712169 3990.272323 100.000000
4857.712169 4295.818194 100.000000
4857.712169 4309.160171 100.000000
4857.712169 4413.013750 100.000000
4857.712169 4425.270966 100.000000
4857.712169 4438.612943 100.000000
4857.712169 4542.466522 100.000000
4857.712169 4589.885644 100.000000
4857.712169 4719.338416 100.000000
4857.712169 4817.480347 100.000000
4857.712169 4878.250647 100.000000
4857.712169 4946.933119 100.000000
4857.712169 5007.703419 100.000000
4857.712169 5044.234604 100.000000
4896.270120 3749.706883 100.000000
4896.270120 3843.851011 100.000000
4896.270120 3860.819551 100.000000
4896.270120 3888.467124 100.000000
4896.270120 3973.303783 100.000000
4896.270120 3990.272323 100.000000
4896.270120 4295.818194 100.000000
4896.270120 4309.160171 100.000000
4896.270120 4413.013750 100.000000
4896.270120 4425.270966 100.000000
4896.270120 4438.612943 100.000000
4896.270120 4542.466522 100.000000
4896.270120 4589.885644 100.000000
4896.270120 4719.338416 100.000000
4896.270120 4817.480347 100.000000
4896.270120 4878.250647 100.000000
4896.270120 4946.933119 100.000000
4896.270120 5007.703419 100.000000
4896.270120 5044.234604 100.000000
4925.518875 3749.706883 100.000000
4925.518875 3843.851011 100.000000
4925.518875 3860.819551 100.000000
4925.518875 3888.467124 100.000000
4925.518875 3973.303783 100.000000
4925.518875 3990.272323 100.000000
4925.518875 4295.818194 100.000000
4925.518875 4309.160171 100.000000
4925.518875 4413.013750 100.000000
4925.518875 4425.270966 100.000000
4925.518875 4438.612943 100.000000
4925.518875 4542.466522 100.000000
4925.518875 4589.885644 100.000000
4925.518875 4719.338416 100.000000
4925.518875 4817.480347 100.000000
4925.518875 4878.250647 100.000000
4925.518875 4946.933119 100.000000
4925.518875 5007.703419 100.000000
4925.518875 5044.234604 100.000000
4987.164941 3749.706883 100.000000
4987.164941 3843.851011 100.000000
4987.164941 3860.819551 100.000000
4987.164941 3888.467124 100.000000
4987.164941 3973.303783 100.000000
4987.164941 3990.272323 100.000000
4987.164941 4295.818194 100.000000
4987.164941 4309.160171 100.000000
4987.164941 4413.013750 100.000000
4987.164941 4425.270966 100.000000
4987.164941 4438.612943 100.000000
4987.164941 4542.466522 100.000000
4987.164941 4589.885644 100.000000
4987.164941 4719.338416 100.000000
4987.164941 4817.480347 100.000000
4987.164941 4878.250647 100.000000
4987.164941 4946.933119 100.000000
4987.164941 5007.703419 100.000000
4987.164941 5044.234604 100.000000
5025.722892 3749.706883 100.000000
5025.722892 3843.851011 100.000000
5025.722892 3860.819551 100.000000
5025.722892 3888.467124 100.000000
5025.722892 3973.303783 100.000000
5025.722892 3990.272323 100.000000
5025.722892 4295.818194 100.000000
5025.722892 4309.160171 100.000000
5025.722892 4413.013750 100.000000
5025.722892 4425.270966 100.000000
5025.722892 4438.612943 100.000000
5025.722892 4542.466522 100.000000
5025.722892 4589.885644 100.000000
5025.722892 4719.338416 100.000000
5025.722892 4817.480347 100.000000
5025.722892 4878.250647 100.000000
5025.722892 4946.933119 100.000000
5025.722892 5007.703419 100.000000
5025.722892 5044.234604 100.000000
5486.361021 3749.706883 100.000000
5486.361021 3843.851011 100.000000
5486.361021 3860.819551 100.000000
5486.361021 3888.467124 100.000000
5486.361021 3973.303783 100.000000
5486.361021 3990.272323 100.000000
5486.361021 4295.818194 100.000000
5486.361021 4309.160171 100.000000
5486.361021 4413.013750 100.000000
5486.361021 4425.270966 100.000000
5486.361021 4438.612943 100.000000
5486.361021 4542.466522 100.000000
5486.361021 4589.885644 100.000000
5486.361021 4719.338416 100.000000
5486.361021 4817.480347 100.000000
5486.361021 4878.250647 100.000000
5486.361021 4946.933119 100.000000
5486.361021 5007.703419 100.000000
5486.361021 5044.234604 100.000000
5581.500963 3749.706883 100.000000
5581.500963 3843.851011 100.000000
5581.500963 3860.819551 100.000000
5581.500963 3888.467124 100.000000
5581.500963 3973.303783 100.000000
5581.500963 3990.272323 100.000000
5581.500963 4295.818194 100.000000
5581.500963 4309.160171 100.000000
5581.500963 4413.013750 100.000000
5581.500963 4425.270966 100.000000
5581.500963 4438.612943 100.000000
5581.500963 4542.466522 100.000000
5581.500963 4589.885644 100.000000
5581.500963 4719.338416 100.000000
5581.500963 4817.480347 100.000000
5581.500963 4878.250647 100.000000
5581.500963 4946.933119 100.000000
5581.500963 5007.703419 100.000000
5581.500963 5044.234604 100.000000
5615.813793 3749.706883 100.000000
5615.813793 3843.851011 100.000000
5615.813793 3860.819551 100.000000
5615.813793 3888.467124 100.000000
5615.813793 3973.303783 100.000000
5615.813793 3990.272323 100.000000
5615.813793 4295.818194 100.000000
5615.813793 4309.160171 100.000000
5615.813793 4413.013750 100.000000
5615.813793 4425.270966 100.000000
5615.813793 4438.612943 100.000000
5615.813793 4542.466522 100.000000
5615.813793 4589.885644 100.000000
5615.813793 4719.338416 100.000000
5615.813793 4817.480347 100.000000
5615.813793 4878.250647 100.000000
5615.813793 4946.933119 100.000000
5615.813793 5007.703419 100.000000
5615.813793 5044.234604 100.000000
5632.206079 3749.706883 100.000000
5632.206079 3843.851011 100.000000
5632.206079 3860.819551 100.000000
5632.206079 3888.467124 100.000000
5632.206079 3973.303783 100.000000
5632.206079 3990.272323 100.000000
5632.206079 4295.818194 100.000000
5632.206079 4309.160171 100.000000
5632.206079 4413.013750 100.000000
5632.206079 4425.270966 100.000000
5632.206079 4438.612943 100.000000
5632.206079 4542.466522 100.000000
5632.206079 4589.885644 100.000000
5632.206079 4719.338416 100.000000
5632.206079 4817.480347 100.000000
5632.206079 4878.250647 100.000000
5632.206079 4946.933119 100.000000
5632.206079 5007.703419 100.000000
5632.206079 5044.234604 100.000000
5710.953735 3749.706883 100.000000
5710.953735 3843.851011 100.000000
5710.953735 3860.819551 100.000000
5710.953735 3888.467124 100.000000
5710.953735 3973.303783 100.000000
5710.953735 3990.272323 100.000000
5710.953735 4295.818194 100.000000
5710.953735 4309.160171 100.000000
5710.953735 4413.013750 100.000000
5710.953735 4425.270966 100.000000
5710.953735 4438.612943 100.000000
5710.953735 4542.466522 100.000000
5710.953735 4589.885644 100.000000
5710.953735 4719.338416 100.000000
5710.953735 4817.480347 100.000000
5710.953735 4878.250647 100.000000
5710.953735 4946.933119 100.000000
5710.953735 5007.703419 100.000000
5710.953735 5044.234604 100.000000
5761.658851 3749.706883 100.000000
5761.658851 3843.851011 100.000000
5761.658851 3860.819551 100.000000
5761.658851 3888.467124 100.000000
5761.658851 3973.303783 100.000000
5761.658851 3990.272323 100.000000
5761.658851 4295.818194 100.000000
5761.658851 4309.160171 100.000000
5761.658851 4413.013750 100.000000
5761.658851 4425.270966 100.000000
5761.658851 4438.612943 100.000000
5761.658851 4542.466522 100.000000
5761.658851 4589.885644 100.000000
5761.658851 4719.338416 100.000000
5761.658851 4817.480347 100.000000
5761.658851 4878.250647 100.000000
5761.658851 4946.933119 100.000000
5761.658851 5007.703419 100.000000
5761.658851 5044.234604 100.000000
5858.435592 3749.706883 100.000000
5858.435592 3843.851011 100.000000
5858.435592 3860.819551 100.000000
5858.435592 3888.467124 100.000000
5858.435592 3973.303783 100.000000
5858.435592 3990.272323 100.000000
5858.435592 4295.818194 100.000000
5858.435592 4309.160171 100.000000
5858.435592 4413.013750 100.000000
5858.435592 4425.270966 100.000000
5858.435592 4438.612943 100.000000
5858.435592 4542.466522 100.000000
5858.435592 4589.885644 100.000000
5858.435592 4719.338416 100.000000
5858.435592 4817.480347 100.000000
5858.435592 4878.250647 100.000000
5858.435592 4946.933119 100.000000
5858.435592 5007.703419 100.000000
5858.435592 5044.234604 100.000000
4539.431431 3749.706883 200.000000
4539.431431 3843.851011 200.000000
4539.431431 3860.819551 200.000000
4539.431431 3888.467124 200.000000
4539.431431 3973.303783 200.000000
4539.431431 3990.272323 200.000000
4539.431431 4295.818194 200.000000
4539.431431 4309.160171 200.000000
4539.431431 4413.013750 200.000000
4539.431431 4425.270966 200.000000
4539.431431 4438.612943 200.000000
4539.431431 4542.466522 200.000000
4539.431431 4589.885644 200.000000
4539.431431 4719.338416 200.000000
4539.431431 4817.480347 200.000000
4539.431431 4878.250647 200.000000
4539.431431 4946.933119 200.000000
4539.431431 5007.703419 200.000000
4539.431431 5044.234604 200.000000
4626.380496 3749.706883 200.000000
4626.380496 3843.851011 200.000000
4626.380496 3860.819551 200.000000
4626.380496 3888.467124 200.000000
4626.380496 3973.303783 200.000000
4626.380496 3990.272323 200.000000
4626.380496 4295.818194 200.000000
4626.380496 4309.160171 200.000000
4626.380496 4413.013750 200.000000
4626.380496 4425.270966 200.000000
4626.380496 4438.612943 200.000000
4626.380496 4542.466522 200.000000
4626.380496 4589.885644 200.000000
4626.380496 4719.338416 200.000000
4626.380496 4817.480347 200.000000
4626.380496 4878.250647 200.000000
4626.380496 4946.933119 200.000000
4626.380496 5007.703419 200.000000
4626.380496 5044.234604 200.000000
4690.241964 3749.706883 200.000000
4690.241964 3843.851011 200.000000
4690.241964 3860.819551 200.000000
4690.241964 3888.467124 200.000000
4690.241964 3973.303783 200.000000
4690.241964 3990.272323 200.000000
4690.241964 4295.818194 200.000000
4690.241964 4309.160171 200.000000
4690.241964 4413.013750 200.000000
4690.241964 4425.270966 200.000000
4690.241964 4438.612943 200.000000
4690.241964 4542.466522 200.000000
4690.241964 4589.885644 200.000000
4690.241964 4719.338416 200.000000
4690.241964 4817.480347 200.000000
4690.241964 4878.250647 200.000000
4690.241964 4946.933119 200.000000
4690.241964 5007.703419 200.000000
4690.241964 5044.234604 200.000000
4703.281862 3749.706883 200.000000
4703.281862 3843.851011 200.000000
4703.281862 3860.819551 200.000000
4703.281862 3888.467124 200.000000
4703.281862 3973.303783 200.000000
4703.281862 3990.272323 200.000000
4703.281862 4295.818194 200.000000
4703.281862 4309.160171 200.000000
4703.281862 4413.013750 200.000000
4703.281862 4425.270966 200.000000
4703.281862 4438.612943 200.000000
4703.281862 4542.466522 200.000000
4703.281862 4589.885644 200.000000
4703.281862 4719.338416 200.000000
4703.281862 4817.480347 200.000000
4703.281862 4878.250647 200.000000
4703.281862 4946.933119 200.000000
4703.281862 5007.703419 200.000000
4703.281862 5044.234604 200.000000
4755.833268 3749.706883 200.000000
4755.833268 3843.851011 200.000000
4755.833268 3860.819551 200.000000
4755.833268 3888.467124 200.000000
4755.833268 3973.303783 200.000000
4755.833268 3990.272323 200.000000
4755.833268 4295.818194 200.000000
4755.833268 4309.160171 200.000000
4755.833268 4413.013750 200.000000
4755.833268 4425.270966 200.000000
4755.833268 4438.612943 200.000000
4755.833268 4542.466522 200.000000
4755.833268 4589.885644 200.000000
4755.833268 4719.338416 200.000000
4755.833268 4817.480347 200.000000
4755.833268 4878.250647 200.000000
4755.833268 4946.933119 200.000000
4755.833268 5007.703419 200.000000
4755.833268 5044.234604 200.000000
4796.066103 3749.706883 200.000000
4796.066103 3843.851011 200.000000
4796.066103 3860.819551 200.000000
4796.066103 3888.467124 200.000000
4796.066103 3973.303783 200.000000
4796.066103 3990.272323 200.000000
4796.066103 4295.818194 200.000000
4796.066103 4309.160171 200.000000
4796.066103 4413.013750 200.000000
4796.066103 4425.270966 200.000000
4796.066103 4438.612943 200.000000
4796.066103 4542.466522 200.000000
4796.066103 4589.885644 200.000000
4796.066103 4719.338416 200.000000
4796.066103 4817.480347 200.000000
4796.066103 4878.250647 200.000000
4796.066103 4946.933119 200.000000
4796.066103 5007.703419 200.000000
4796.066103 5044.234604 200.000000
4819.694736 3749.706883 200.000000
4819.694736 3843.851011 200.000000
4819.694736 3860.819551 200.000000
4819.694736 3888.467124 200.000000
4819.694736 3973.303783 200.000000
4819.694736 3990.272323 200.000000
4819.694736 4295.818194 200.000000
4819.694736 4309.160171 200.000000
4819.694736 4413.013750 200.000000
4819.694736 4425.270966 200.000000
4819.694736 4438.612943 200.000000
4819.694736 4542.466522 200.000000
4819.694736 4589.885644 200.000000
4819.694736 4719.338416 200.000000
4819.694736 4817.480347 200.000000
4819.694736 4878.250647 200.000000
4819.694736 4946.933119 200.000000
4819.694736 5007.703419 200.000000
4819.694736 5044.234604 200.000000
4832.734634 3749.706883 200.000000
4832.734634 3843.851011 200.000000
4832.734634 3860.819551 200.000000
4832.734634 3888.467124 200.000000
4832.734634 3973.303783 200.000000
4832.734634 3990.272323 200.000000
4832.734634 4295.818194 200.000000
4832.734634 4309.160171 200.000000
4832.734634 4413.013750 200.000000
4832.734634 4425.270966 200.000000
4832.734634 4438.612943 200.000000
4832.734634 4542.466522 200.000000
4832.734634 4589.885644 200.000000
4832.734634 4719.338416 200.000000
4832.734634 4817.480347 200.000000
4832.734634 4878.250647 200.000000
4832.734634 4946.933119 200.000000
4832.734634 5007.703419 200.000000
4832.734634 5044.234604 200.000000
4857.712169 3749.706883 200.000000
4857.712169 3843.851011 200.000000
4857.712169 3860.819551 200.000000
4857.712169 3888.467124 200.000000
4857.712169 3973.303783 200.000000
4857.712169 3990.272323 200.000000
4857.712169 4295.818194 200.000000
4857.712169 4309.160171 200.000000
4857.712169 4413.013750 200.000000
4857.712169 4425.270966 200.000000
4857.712169 4438.612943 200.000000
4857.712169 4542.466522 200.000000
4857.712169 4589.885644 200.000000
4857.712169 4719.338416 200.000000
4857.712169 4817.480347 200.000000
4857.712169 4878.250647 200.000000
4857.712169 4946.933119 200.000000
4857.712169 5007.703419 200.000000
4857.712169 5044.234604 200.000000
4896.270120 3749.706883 200.000000
4896.270120 3843.851011 200.000000
4896.270120 3860.819551 200.000000
4896.270120 3888.467124 200.000000
4896.270120 3973.303783 200.000000
4896.270120 3990.272323 200.000000
4896.270120 4295.818194 200.000000
4896.270120 4309.160171 200.000000
4896.270120 4413.013750 200.000000
4896.270120 4425.270966 200.000000
4896.270120 4438.612943 200.000000
4896.270120 4542.466522 200.000000
4896.270120 4589.885644 200.000000
4896.270120 4719.338416 200.000000
4896.270120 4817.480347 200.000000
4896.270120 4878.250647 200.000000
4896.270120 4946.933119 200.000000
4896.270120 5007.703419 200.000000
4896.270120 5044.234604 200.000000
4925.518875 3749.706883 200.000000
4925.518875 3843.851011 200.000000
4925.518875 3860.819551 200.000000
4925.518875 3888.467124 200.000000
4925.518875 3973.303783 200.000000
4925.518875 3990.272323 200.000000
4925.518875 4295.818194 200.000000
4925.518875 4309.160171 200.000000
4925.518875 4413.013750 200.000000
4925.518875 4425.270966 200.000000
4925.518875 4438.612943 200.000000
4925.518875 4542.466522 200.000000
4925.518875 4589.885644 200.000000
4925.518875 4719.338416 200.000000
4925.518875 4817.480347 200.000000
4925.518875 4878.250647 200.000000
4925.518875 4946.933119 200.000000
4925.518875 5007.703419 200.000000
4925.518875 5044.234604 200.000000
4987.164941 3749.706883 200.000000
4987.164941 3843.851011 200.000000
4987.164941 3860.819551 200.000000
4987.164941 3888.467124 200.000000
4987.164941 3973.303783 200.000000
4987.164941 3990.272323 200.000000
4987.164941 4295.818194 200.000000
4987.164941 4309.160171 200.000000
4987.164941 4413.013750 200.000000
4987.164941 4425.270966 200.000000
4987.164941 4438.612943 200.000000
4987.164941 4542.466522 200.000000
4987.164941 4589.885644 200.000000
4987.164941 4719.338416 200.000000
4987.164941 4817.480347 200.000000
4987.164941 4878.250647 200.000000
4987.164941 4946.933119 200.000000
4987.164941 5007.703419 200.000000
4987.164941 5044.234604 200.000000
5025.722892 3749.706883 200.000000
5025.722892 3843.851011 200.000000
5025.722892 3860.819551 200.000000
5025.722892 3888.467124 200.000000
5025.722892 3973.303783 200.000000
5025.722892 3990.272323 200.000000
5025.722892 4295.818194 200.000000
5025.722892 4309.160171 200.000000
5025.722892 4413.013750 200.000000
5025.722892 4425.270966 200.000000
5025.722892 4438.612943 200.000000
5025.722892 4542.466522 200.000000
5025.722892 4589.885644 200.000000
5025.722892 4719.338416 200.000000
5025.722892 4817.480347 200.000000
5025.722892 4878.250647 200.000000
5025.722892 4946.933119 200.000000
5025.722892 5007.703419 200.000000
5025.722892 5044.234604 200.000000
5486.361021 3749.706883 200.000000
5486.361021 3843.851011 200.000000
5486.361021 3860.819551 200.000000
5486.361021 3888.467124 200.000000
5486.361021 3973.303783 200.000000
5486.361021 3990.272323 200.000000
5486.361021 4295.818194 200.000000
5486.361021 4309.160171 200.000000
5486.361021 4413.013750 200.000000
5486.361021 4425.270966 200.000000
5486.361021 4438.612943 200.000000
5486.361021 4542.466522 200.000000
5486.361021 4589.885644 200.000000
5486.361021 4719.338416 200.000000
5486.361021 4817.480347 200.000000
5486.361021 4878.250647 200.000000
5486.361021 4946.933119 200.000000
5486.361021 5007.703419 200.000000
5486.361021 5044.234604 200.000000
5581.500963 3749.706883 200.000000
5581.500963 3843.851011 200.000000
5581.500963 3860.819551 200.000000
5581.500963 3888.467124 200.000000
5581.500963 3973.303783 200.000000
5581.500963 3990.272323 200.000000
5581.500963 4295.818194 200.000000
5581.500963 4309.160171 200.000000
5581.500963 4413.013750 200.000000
5581.500963 4425.270966 200.000000
5581.500963 4438.612943 200.000000
5581.500963 4542.466522 200.000000
5581.500963 4589.885644 200.000000
5581.500963 4719.338416 200.000000
5581.500963 4817.480347 200.000000
5581.500963 4878.250647 200.000000
5581.500963 4946.933119 200.000000
5581.500963 5007.703419 200.000000
5581.500963 5044.234604 200.000000
5615.813793 3749.706883 200.000000
5615.813793 3843.851011 200.000000
5615.813793 3860.819551 200.000000
5615.813793 3888.467124 200.000000
5615.813793 3973.303783 200.000000
5615.813793 3990.272323 200.000000
5615.813793 4295.818194 200.000000
5615.813793 4309.160171 200.000000
5615.813793 4413.013750 200.000000
5615.813793 4425.270966 200.000000
5615.813793 4438.612943 200.000000
5615.813793 4542.466522 200.000000
5615.813793 4589.885644 200.000000
5615.813793 4719.338416 200.000000
5615.813793 4817.480347 200.000000
5615.813793 4878.250647 200.000000
5615.813793 4946.933119 200.000000
5615.813793 5007.703419 200.000000
5615.813793 5044.234604 200.000000
5632.206079 3749.706883 200.000000
5632.206079 3843.851011 200.000000
5632.206079 3860.819551 200.000000
5632.206079 3888.467124 200.000000
5632.206079 3973.303783 200.000000
5632.206079 3990.272323 200.000000
5632.206079 4295.818194 200.000000
5632.206079 4309.160171 200.000000
5632.206079 4413.013750 200.000000
5632.206079 4425.270966 200.000000
5632.206079 4438.612943 200.000000
5632.206079 4542.466522 200.000000
5632.206079 4589.885644 200.000000
5632.206079 4719.338416 200.000000
5632.206079 4817.480347 200.000000
5632.206079 4878.250647 200.000000
5632.206079 4946.933119 200.000000
5632.206079 5007.703419 200.000000
5632.206079 5044.234604 200.000000
5710.953735 3749.706883 200.000000
5710.953735 3843.851011 200.000000
5710.953735 3860.819551 200.000000
5710.953735 3888.467124 200.000000
5710.953735 3973.303783 200.000000
5710.953735 3990.272323 200.000000
5710.953735 4295.818194 200.000000
5710.953735 4309.160171 200.000000
5710.953735 4413.013750 200.000000
5710.953735 4425.270966 200.000000
5710.953735 4438.612943 200.000000
5710.953735 4542.466522 200.000000
5710.953735 4589.885644 200.000000
5710.953735 4719.338416 200.000000
5710.953735 4817.480347 200.000000
5710.953735 4878.250647 200.000000
5710.953735 4946.933119 200.000000
5710.953735 5007.703419 200.000000
5710.953735 5044.234604 200.000000
5761.658851 3749.706883 200.000000
5761.658851 3843.851011 200.000000
5761.658851 3860.819551 200.000000
5761.658851 3888.467124 200.000000
5761.658851 3973.303783 200.000000
5761.658851 3990.272323 200.000000
5761.658851 4295.818194 200.000000
5761.658851 4309.160171 200.000000
5761.658851 4413.013750 200.000000
5761.658851 4425.270966 200.000000
5761.658851 4438.612943 200.000000
5761.658851 4542.466522 200.000000
5761.658851 4589.885644 200.000000
5761.658851 4719.338416 200.000000
5761.658851 4817.480347 200.000000
5761.658851 4878.250647 200.000000
5761.658851 4946.933119 200.000000
5761.658851 5007.703419 200.000000
5761.658851 5044.234604 200.000000
5858.435592 3749.706883 200.000000
5858.435592 3843.851011 200.000000
5858.435592 3860.819551 200.000000
5858.435592 3888.467124 200.000000
5858.435592 3973.303783 200.000000
5858.435592 3990.272323 200.000000
5858.435592 4295.818194 200.000000
5858.435592 4309.160171 200.000000
5858.435592 4413.013750 200.000000
5858.435592 4425.270966 200.000000
5858.435592 4438.612943 200.000000
5858.435592 4542.466522 200.000000
5858.435592 4589.885644 200.000000
5858.435592 4719.338416 200.000000
5858.435592 4817.480347 200.000000
5858.435592 4878.250647 200.000000
5858.435592 4946.933119 200.000000
5858.435592 5007.703419 200.000000
5858.435592 5044.234604 200.000000
