0 1 213.849138
1 2 187.525588
2 3 601.574939
3 4 863.671942
4 5 472.541183
5 6 283.670744
6 7 32.888600
7 8 48.641597
8 9 423.899586
9 10 283.670744
10 11 558.321676
11 12 192.335236
12 13 419.680264
13 14 294.633061
14 15 74.787202
15 16 101.127803
16 17 318.552461
17 18 294.633061
18 19 103.722314
19 20 354.805468
20 21 434.295059
21 22 354.805468
22 23 1542.727558
23 24 677.864954
24 25 111.235573
25 26 583.155986
0 27 186.132634
1 28 186.132634
27 28 213.849138
2 29 186.132634
28 29 187.525588
3 30 186.132634
29 30 601.574939
4 31 186.132634
30 31 863.671942
5 32 186.132634
31 32 472.541183
6 33 186.132634
32 33 283.670744
7 34 186.132634
33 34 32.888600
8 35 186.132634
34 35 48.641597
9 36 186.132634
35 36 423.899586
10 37 186.132634
36 37 283.670744
11 38 186.132634
37 38 558.321676
12 39 186.132634
38 39 192.335236
13 40 186.132634
39 40 419.680264
14 41 186.132634
40 41 294.633061
15 42 186.132634
41 42 74.787202
16 43 186.132634
42 43 101.127803
17 44 186.132634
43 44 318.552461
18 45 186.132634
44 45 294.633061
19 46 186.132634
45 46 103.722314
20 47 186.132634
46 47 354.805468
21 48 186.132634
47 48 434.295059
22 49 186.132634
48 49 354.805468
23 50 186.132634
49 50 1542.727558
24 51 186.132634
50 51 677.864954
25 52 186.132634
51 52 111.235573
26 53 186.132634
52 53 583.155986
27 54 193.345937
28 55 193.345937
54 55 213.849138
29 56 193.345937
55 56 187.525588
30 57 193.345937
56 57 601.574939
31 58 193.345937
57 58 863.671942
32 59 193.345937
58 59 472.541183
36 63 193.345937
37 64 193.345937
63 64 283.670744
38 65 193.345937
64 65 558.321676
39 66 193.345937
65 66 192.335236
40 67 193.345937
66 67 419.680264
41 68 193.345937
67 68 294.633061
42 69 193.345937
68 69 74.787202
43 70 193.345937
69 70 101.127803
44 71 193.345937
70 71 318.552461
45 72 193.345937
71 72 294.633061
46 73 193.345937
72 73 103.722314
47 74 193.345937
73 74 354.805468
48 75 193.345937
74 75 434.295059
49 76 193.345937
75 76 354.805468
50 77 193.345937
76 77 1542.727558
51 78 193.345937
77 78 677.864954
52 79 193.345937
78 79 111.235573
53 80 193.345937
79 80 583.155986
54 81 595.754589
55 82 595.754589
81 82 213.849138
56 83 595.754589
82 83 187.525588
57 84 595.754589
83 84 601.574939
58 85 595.754589
84 85 863.671942
59 86 595.754589
85 86 472.541183
86 87 283.670744
64 91 595.754589
65 92 595.754589
91 92 558.321676
66 93 595.754589
92 93 192.335236
67 94 595.754589
93 94 419.680264
68 95 595.754589
94 95 294.633061
69 96 595.754589
95 96 74.787202
70 97 595.754589
96 97 101.127803
71 98 595.754589
97 98 318.552461
72 99 595.754589
98 99 294.633061
73 100 595.754589
99 100 103.722314
74 101 595.754589
100 101 354.805468
75 102 595.754589
101 102 434.295059
76 103 595.754589
102 103 354.805468
77 104 595.754589
103 104 1542.727558
78 105 595.754589
104 105 677.864954
79 106 595.754589
105 106 111.235573
80 107 595.754589
106 107 583.155986
81 108 193.345937
82 109 193.345937
108 109 213.849138
83 110 193.345937
109 110 187.525588
84 111 193.345937
110 111 601.574939
85 112 193.345937
111 112 863.671942
86 113 193.345937
112 113 472.541183
87 114 193.345937
113 114 283.670744
114 115 32.888600
115 116 48.641597
116 117 423.899586
91 118 193.345937
117 118 283.670744
92 119 193.345937
118 119 558.321676
93 120 193.345937
119 120 192.335236
94 121 193.345937
120 121 419.680264
95 122 193.345937
121 122 294.633061
96 123 193.345937
122 123 74.787202
97 124 193.345937
123 124 101.127803
98 125 193.345937
124 125 318.552461
99 126 193.345937
125 126 294.633061
100 127 193.345937
126 127 103.722314
101 128 193.345937
127 128 354.805468
102 129 193.345937
128 129 434.295059
103 130 193.345937
129 130 354.805468
104 131 193.345937
130 131 1542.727558
105 132 193.345937
131 132 677.864954
106 133 193.345937
132 133 111.235573
107 134 193.345937
133 134 583.155986
108 135 166.468120
109 136 166.468120
135 136 213.849138
110 137 166.468120
136 137 187.525588
111 138 166.468120
137 138 601.574939
112 139 166.468120
138 139 863.671942
113 140 166.468120
139 140 472.541183
114 141 166.468120
140 141 283.670744
115 142 166.468120
141 142 32.888600
116 143 166.468120
142 143 48.641597
117 144 166.468120
143 144 423.899586
118 145 166.468120
144 145 283.670744
119 146 166.468120
145 146 558.321676
120 147 166.468120
146 147 192.335236
121 148 166.468120
147 148 419.680264
122 149 166.468120
148 149 294.633061
123 150 166.468120
149 150 74.787202
124 151 166.468120
150 151 101.127803
125 152 166.468120
151 152 318.552461
126 153 166.468120
152 153 294.633061
127 154 166.468120
153 154 103.722314
128 155 166.468120
154 155 354.805468
129 156 166.468120
155 156 434.295059
130 157 166.468120
156 157 354.805468
131 158 166.468120
157 158 1542.727558
132 159 166.468120
158 159 677.864954
133 160 166.468120
159 160 111.235573
134 161 166.468120
160 161 583.155986
135 162 524.609275
136 163 524.609275
162 163 213.849138
137 164 524.609275
163 164 187.525588
138 165 524.609275
164 165 601.574939
139 166 524.609275
165 166 863.671942
140 167 524.609275
166 167 472.541183
141 168 524.609275
167 168 283.670744
142 169 524.609275
168 169 32.888600
143 170 524.609275
169 170 48.641597
144 171 524.609275
170 171 423.899586
145 172 524.609275
171 172 283.670744
146 173 524.609275
172 173 558.321676
147 174 524.609275
173 174 192.335236
148 175 1573.827825
174 175 1259.040791
149 176 1573.827825
175 176 883.899182
150 177 524.609275
176 177 224.361606
151 178 524.609275
177 178 101.127803
152 179 524.609275
178 179 318.552461
153 180 524.609275
179 180 294.633061
154 181 524.609275
180 181 103.722314
155 182 524.609275
181 182 354.805468
156 183 524.609275
182 183 434.295059
157 184 524.609275
183 184 354.805468
158 185 524.609275
184 185 1542.727558
159 186 524.609275
185 186 677.864954
160 187 524.609275
186 187 111.235573
161 188 524.609275
187 188 583.155986
162 189 264.491251
163 190 264.491251
189 190 213.849138
164 191 264.491251
190 191 187.525588
165 192 264.491251
191 192 601.574939
166 193 264.491251
192 193 863.671942
167 194 264.491251
193 194 472.541183
168 195 264.491251
194 195 283.670744
169 196 264.491251
195 196 32.888600
170 197 264.491251
196 197 48.641597
171 198 264.491251
197 198 423.899586
172 199 264.491251
198 199 283.670744
173 200 264.491251
199 200 558.321676
174 201 264.491251
200 201 192.335236
175 202 793.473754
201 202 419.680264
176 203 793.473754
202 203 294.633061
177 204 264.491251
203 204 74.787202
178 205 264.491251
204 205 101.127803
179 206 264.491251
205 206 318.552461
180 207 264.491251
206 207 294.633061
181 208 264.491251
207 208 103.722314
182 209 264.491251
208 209 354.805468
183 210 264.491251
209 210 434.295059
184 211 264.491251
210 211 354.805468
185 212 264.491251
211 212 1542.727558
186 213 264.491251
212 213 677.864954
187 214 264.491251
213 214 111.235573
188 215 264.491251
214 215 583.155986
189 216 137.724647
190 217 137.724647
216 217 213.849138
191 218 137.724647
217 218 187.525588
192 219 137.724647
218 219 601.574939
193 220 137.724647
219 220 863.671942
194 221 137.724647
220 221 472.541183
195 222 137.724647
221 222 283.670744
196 223 137.724647
222 223 32.888600
197 224 137.724647
223 224 48.641597
198 225 137.724647
224 225 423.899586
199 226 137.724647
225 226 283.670744
200 227 137.724647
226 227 558.321676
201 228 137.724647
227 228 192.335236
202 229 137.724647
228 229 419.680264
203 230 137.724647
229 230 294.633061
204 231 137.724647
230 231 74.787202
205 232 137.724647
231 232 101.127803
206 233 137.724647
232 233 318.552461
207 234 137.724647
233 234 294.633061
208 235 137.724647
234 235 103.722314
209 236 137.724647
235 236 354.805468
210 237 137.724647
236 237 434.295059
211 238 137.724647
237 238 354.805468
212 239 137.724647
238 239 1542.727558
213 240 137.724647
239 240 677.864954
214 241 137.724647
240 241 111.235573
215 242 137.724647
241 242 583.155986
216 243 515.362915
217 244 515.362915
243 244 213.849138
218 245 515.362915
244 245 187.525588
219 246 515.362915
245 246 601.574939
220 247 515.362915
246 247 863.671942
221 248 515.362915
247 248 472.541183
222 249 515.362915
248 249 283.670744
223 250 515.362915
249 250 32.888600
224 251 515.362915
250 251 48.641597
225 252 515.362915
251 252 423.899586
226 253 515.362915
252 253 283.670744
227 254 515.362915
253 254 558.321676
228 255 515.362915
254 255 192.335236
229 256 515.362915
255 256 419.680264
230 257 515.362915
256 257 294.633061
231 258 1546.088745
257 258 224.361606
232 259 1546.088745
258 259 303.383408
233 260 1546.088745
259 260 955.657384
234 261 515.362915
260 261 883.899182
235 262 515.362915
261 262 103.722314
236 263 515.362915
262 263 354.805468
237 264 515.362915
263 264 434.295059
238 265 515.362915
264 265 354.805468
239 266 515.362915
265 266 1542.727558
240 267 515.362915
266 267 677.864954
241 268 515.362915
267 268 111.235573
242 269 515.362915
268 269 583.155986
243 270 273.737611
244 271 273.737611
270 271 213.849138
245 272 273.737611
271 272 187.525588
246 273 273.737611
272 273 601.574939
247 274 273.737611
273 274 863.671942
248 275 273.737611
274 275 472.541183
249 276 273.737611
275 276 283.670744
250 277 273.737611
276 277 32.888600
251 278 273.737611
277 278 48.641597
252 279 273.737611
278 279 423.899586
253 280 273.737611
279 280 283.670744
254 281 273.737611
280 281 558.321676
255 282 273.737611
281 282 192.335236
256 283 273.737611
282 283 419.680264
257 284 273.737611
283 284 294.633061
258 285 821.212833
284 285 74.787202
259 286 821.212833
285 286 101.127803
260 287 821.212833
286 287 318.552461
261 288 273.737611
287 288 294.633061
262 289 273.737611
288 289 103.722314
263 290 273.737611
289 290 354.805468
264 291 273.737611
290 291 434.295059
265 292 273.737611
291 292 354.805468
266 293 273.737611
292 293 1542.727558
267 294 273.737611
293 294 677.864954
268 295 273.737611
294 295 111.235573
269 296 273.737611
295 296 583.155986
270 297 98.537262
271 298 98.537262
297 298 213.849138
272 299 98.537262
298 299 187.525588
273 300 98.537262
299 300 601.574939
274 301 98.537262
300 301 863.671942
275 302 98.537262
301 302 472.541183
276 303 98.537262
302 303 283.670744
277 304 98.537262
303 304 32.888600
278 305 98.537262
304 305 48.641597
279 306 98.537262
305 306 423.899586
280 307 98.537262
306 307 283.670744
281 308 98.537262
307 308 558.321676
282 309 98.537262
308 309 192.335236
283 310 98.537262
309 310 419.680264
284 311 98.537262
310 311 294.633061
285 312 98.537262
311 312 74.787202
286 313 98.537262
312 313 101.127803
287 314 98.537262
313 314 318.552461
288 315 98.537262
314 315 294.633061
289 316 98.537262
315 316 103.722314
290 317 98.537262
316 317 354.805468
291 318 98.537262
317 318 434.295059
292 319 98.537262
318 319 354.805468
293 320 98.537262
319 320 1542.727558
294 321 98.537262
320 321 677.864954
295 322 98.537262
321 322 111.235573
296 323 98.537262
322 323 583.155986
297 324 446.331838
298 325 446.331838
324 325 213.849138
299 326 446.331838
325 326 187.525588
300 327 446.331838
326 327 601.574939
301 328 446.331838
327 328 863.671942
302 329 446.331838
328 329 472.541183
303 330 446.331838
329 330 283.670744
304 331 446.331838
330 331 32.888600
305 332 446.331838
331 332 48.641597
306 333 446.331838
332 333 423.899586
307 334 446.331838
333 334 283.670744
308 335 446.331838
334 335 558.321676
309 336 446.331838
335 336 192.335236
310 337 446.331838
336 337 419.680264
311 338 446.331838
337 338 294.633061
312 339 446.331838
338 339 74.787202
313 340 446.331838
339 340 101.127803
314 341 446.331838
340 341 318.552461
315 342 446.331838
341 342 294.633061
316 343 446.331838
342 343 103.722314
317 344 446.331838
343 344 354.805468
318 345 446.331838
344 345 434.295059
319 346 446.331838
345 346 354.805468
320 347 446.331838
346 347 1542.727558
321 348 446.331838
347 348 677.864954
322 349 446.331838
348 349 111.235573
323 350 446.331838
349 350 583.155986
324 351 404.586212
325 352 404.586212
351 352 213.849138
327 354 404.586212
328 355 404.586212
354 355 863.671942
329 356 404.586212
355 356 472.541183
330 357 404.586212
356 357 283.670744
331 358 404.586212
357 358 32.888600
332 359 404.586212
358 359 48.641597
333 360 404.586212
359 360 423.899586
334 361 404.586212
360 361 283.670744
335 362 404.586212
361 362 558.321676
336 363 404.586212
362 363 192.335236
337 364 404.586212
363 364 419.680264
338 365 404.586212
364 365 294.633061
339 366 404.586212
365 366 74.787202
340 367 404.586212
366 367 101.127803
341 368 404.586212
367 368 318.552461
342 369 404.586212
368 369 294.633061
343 370 404.586212
369 370 103.722314
344 371 404.586212
370 371 354.805468
345 372 404.586212
371 372 434.295059
346 373 404.586212
372 373 354.805468
347 374 404.586212
373 374 1542.727558
348 375 404.586212
374 375 677.864954
349 376 404.586212
375 376 111.235573
350 377 404.586212
376 377 583.155986
351 378 293.107882
352 379 293.107882
378 379 213.849138
354 381 293.107882
355 382 293.107882
381 382 863.671942
356 383 293.107882
382 383 472.541183
357 384 293.107882
383 384 283.670744
358 385 293.107882
384 385 32.888600
359 386 293.107882
385 386 48.641597
360 387 293.107882
386 387 423.899586
361 388 293.107882
387 388 283.670744
362 389 293.107882
388 389 558.321676
363 390 293.107882
389 390 192.335236
364 391 293.107882
390 391 419.680264
365 392 293.107882
391 392 294.633061
366 393 293.107882
392 393 74.787202
367 394 293.107882
393 394 101.127803
368 395 293.107882
394 395 318.552461
369 396 293.107882
395 396 294.633061
370 397 293.107882
396 397 103.722314
371 398 293.107882
397 398 354.805468
372 399 293.107882
398 399 434.295059
373 400 293.107882
399 400 354.805468
374 401 293.107882
400 401 1542.727558
375 402 293.107882
401 402 677.864954
376 403 293.107882
402 403 111.235573
377 404 293.107882
403 404 583.155986
378 405 91.406433
379 406 91.406433
405 406 213.849138
406 407 187.525588
381 408 91.406433
407 408 601.574939
382 409 91.406433
408 409 863.671942
383 410 91.406433
409 410 472.541183
384 411 91.406433
410 411 283.670744
385 412 91.406433
411 412 32.888600
386 413 91.406433
412 413 48.641597
387 414 91.406433
413 414 423.899586
388 415 91.406433
414 415 283.670744
389 416 91.406433
415 416 558.321676
390 417 91.406433
416 417 192.335236
391 418 91.406433
417 418 419.680264
392 419 91.406433
418 419 294.633061
393 420 91.406433
419 420 74.787202
394 421 91.406433
420 421 101.127803
395 422 91.406433
421 422 318.552461
396 423 91.406433
422 423 294.633061
397 424 91.406433
423 424 103.722314
399 426 91.406433
400 427 91.406433
426 427 354.805468
401 428 91.406433
427 428 1542.727558
402 429 91.406433
428 429 677.864954
403 430 91.406433
429 430 111.235573
404 431 91.406433
430 431 583.155986
405 432 77.066158
406 433 77.066158
432 433 213.849138
407 434 77.066158
433 434 187.525588
408 435 77.066158
434 435 601.574939
409 436 77.066158
435 436 863.671942
410 437 77.066158
436 437 472.541183
411 438 77.066158
437 438 283.670744
412 439 77.066158
438 439 32.888600
413 440 77.066158
439 440 48.641597
414 441 77.066158
440 441 423.899586
415 442 77.066158
441 442 283.670744
416 443 77.066158
442 443 558.321676
417 444 77.066158
443 444 192.335236
418 445 77.066158
444 445 419.680264
419 446 77.066158
445 446 294.633061
420 447 77.066158
446 447 74.787202
421 448 77.066158
447 448 101.127803
422 449 77.066158
448 449 318.552461
423 450 77.066158
449 450 294.633061
424 451 77.066158
450 451 103.722314
426 453 77.066158
427 454 77.066158
453 454 354.805468
428 455 77.066158
454 455 1542.727558
429 456 77.066158
455 456 677.864954
430 457 77.066158
456 457 111.235573
431 458 77.066158
457 458 583.155986
432 459 620.627936
433 460 620.627936
459 460 213.849138
434 461 620.627936
460 461 187.525588
435 462 620.627936
461 462 601.574939
436 463 620.627936
462 463 863.671942
437 464 620.627936
463 464 472.541183
438 465 620.627936
464 465 283.670744
439 466 620.627936
465 466 32.888600
440 467 620.627936
466 467 48.641597
441 468 620.627936
467 468 423.899586
442 469 620.627936
468 469 283.670744
443 470 620.627936
469 470 558.321676
444 471 620.627936
470 471 192.335236
445 472 620.627936
471 472 419.680264
446 473 620.627936
472 473 294.633061
447 474 620.627936
473 474 74.787202
448 475 620.627936
474 475 101.127803
449 476 620.627936
475 476 318.552461
450 477 620.627936
476 477 294.633061
451 478 620.627936
477 478 103.722314
478 479 354.805468
453 480 620.627936
479 480 434.295059
454 481 620.627936
480 481 354.805468
455 482 620.627936
481 482 1542.727558
456 483 1861.883807
482 483 2033.594861
457 484 620.627936
483 484 333.706718
458 485 620.627936
484 485 583.155986
459 486 168.472591
460 487 168.472591
486 487 213.849138
461 488 168.472591
487 488 187.525588
462 489 168.472591
488 489 601.574939
463 490 168.472591
489 490 863.671942
464 491 168.472591
490 491 472.541183
465 492 168.472591
491 492 283.670744
466 493 168.472591
492 493 32.888600
467 494 168.472591
493 494 48.641597
468 495 168.472591
494 495 423.899586
469 496 168.472591
495 496 283.670744
470 497 168.472591
496 497 558.321676
471 498 168.472591
497 498 192.335236
472 499 168.472591
498 499 419.680264
473 500 168.472591
499 500 294.633061
474 501 168.472591
500 501 74.787202
475 502 168.472591
501 502 101.127803
476 503 168.472591
502 503 318.552461
477 504 168.472591
503 504 294.633061
478 505 168.472591
504 505 103.722314
479 506 168.472591
505 506 354.805468
480 507 168.472591
506 507 434.295059
481 508 168.472591
507 508 354.805468
482 509 168.472591
508 509 1542.727558
483 510 505.417772
509 510 677.864954
484 511 168.472591
510 511 111.235573
485 512 168.472591
511 512 583.155986
486 513 778.772253
487 514 778.772253
513 514 213.849138
488 515 778.772253
514 515 187.525588
489 516 778.772253
515 516 601.574939
490 517 778.772253
516 517 863.671942
491 518 778.772253
517 518 472.541183
492 519 778.772253
518 519 283.670744
493 520 778.772253
519 520 32.888600
494 521 778.772253
520 521 48.641597
495 522 778.772253
521 522 423.899586
496 523 778.772253
522 523 283.670744
497 524 778.772253
523 524 558.321676
498 525 778.772253
524 525 192.335236
499 526 778.772253
525 526 419.680264
500 527 778.772253
526 527 294.633061
501 528 778.772253
527 528 74.787202
502 529 778.772253
528 529 101.127803
503 530 778.772253
529 530 318.552461
504 531 778.772253
530 531 294.633061
505 532 778.772253
531 532 103.722314
506 533 778.772253
532 533 354.805468
507 534 778.772253
533 534 434.295059
508 535 778.772253
534 535 354.805468
509 536 778.772253
535 536 1542.727558
510 537 778.772253
536 537 677.864954
511 538 778.772253
537 538 111.235573
512 539 778.772253
538 539 583.155986
513 540 770.256355
514 541 770.256355
540 541 213.849138
515 542 770.256355
541 542 187.525588
516 543 770.256355
542 543 601.574939
517 544 770.256355
543 544 863.671942
520 547 770.256355
521 548 770.256355
547 548 48.641597
522 549 770.256355
548 549 423.899586
523 550 770.256355
549 550 283.670744
524 551 770.256355
550 551 558.321676
525 552 770.256355
551 552 192.335236
526 553 770.256355
552 553 419.680264
527 554 770.256355
553 554 294.633061
528 555 770.256355
554 555 74.787202
529 556 770.256355
555 556 101.127803
530 557 770.256355
556 557 318.552461
531 558 770.256355
557 558 294.633061
532 559 770.256355
558 559 103.722314
533 560 770.256355
559 560 354.805468
534 561 770.256355
560 561 434.295059
535 562 770.256355
561 562 354.805468
536 563 770.256355
562 563 1542.727558
537 564 770.256355
563 564 677.864954
538 565 770.256355
564 565 111.235573
539 566 770.256355
565 566 583.155986
540 567 18.844171
541 568 18.844171
567 568 213.849138
542 569 18.844171
568 569 187.525588
543 570 18.844171
569 570 601.574939
544 571 18.844171
570 571 863.671942
571 572 472.541183
572 573 283.670744
547 574 18.844171
573 574 32.888600
548 575 18.844171
574 575 48.641597
549 576 18.844171
575 576 423.899586
550 577 18.844171
576 577 283.670744
551 578 18.844171
577 578 558.321676
552 579 18.844171
578 579 192.335236
553 580 18.844171
579 580 419.680264
554 581 18.844171
580 581 294.633061
555 582 18.844171
581 582 74.787202
556 583 18.844171
582 583 101.127803
557 584 18.844171
583 584 318.552461
558 585 18.844171
584 585 294.633061
559 586 18.844171
585 586 103.722314
560 587 18.844171
586 587 354.805468
561 588 18.844171
587 588 434.295059
562 589 18.844171
588 589 354.805468
563 590 18.844171
589 590 1542.727558
564 591 18.844171
590 591 677.864954
565 592 18.844171
591 592 111.235573
566 593 18.844171
592 593 583.155986
567 594 281.480008
568 595 281.480008
594 595 213.849138
569 596 281.480008
595 596 187.525588
570 597 281.480008
596 597 601.574939
571 598 281.480008
597 598 863.671942
572 599 281.480008
598 599 472.541183
573 600 281.480008
599 600 283.670744
574 601 281.480008
600 601 32.888600
575 602 281.480008
601 602 48.641597
576 603 281.480008
602 603 423.899586
577 604 281.480008
603 604 283.670744
578 605 281.480008
604 605 558.321676
579 606 281.480008
605 606 192.335236
580 607 281.480008
606 607 419.680264
581 608 281.480008
607 608 294.633061
582 609 281.480008
608 609 74.787202
583 610 281.480008
609 610 101.127803
584 611 281.480008
610 611 318.552461
585 612 281.480008
611 612 294.633061
586 613 281.480008
612 613 103.722314
587 614 281.480008
613 614 354.805468
588 615 281.480008
614 615 434.295059
589 616 281.480008
615 616 354.805468
590 617 281.480008
616 617 1542.727558
591 618 281.480008
617 618 677.864954
592 619 281.480008
618 619 111.235573
593 620 281.480008
619 620 583.155986
594 621 735.980745
595 622 735.980745
621 622 213.849138
596 623 735.980745
622 623 187.525588
597 624 735.980745
623 624 601.574939
598 625 735.980745
624 625 863.671942
599 626 735.980745
625 626 472.541183
600 627 735.980745
626 627 283.670744
601 628 735.980745
627 628 32.888600
602 629 735.980745
628 629 48.641597
603 630 735.980745
629 630 423.899586
604 631 735.980745
630 631 283.670744
605 632 735.980745
631 632 558.321676
606 633 735.980745
632 633 192.335236
607 634 735.980745
633 634 419.680264
608 635 735.980745
634 635 294.633061
609 636 735.980745
635 636 74.787202
610 637 735.980745
636 637 101.127803
611 638 735.980745
637 638 318.552461
612 639 735.980745
638 639 294.633061
613 640 735.980745
639 640 103.722314
614 641 735.980745
640 641 354.805468
615 642 735.980745
641 642 434.295059
616 643 735.980745
642 643 354.805468
617 644 735.980745
643 644 1542.727558
618 645 735.980745
644 645 677.864954
619 646 735.980745
645 646 111.235573
620 647 735.980745
646 647 583.155986
621 648 26.247978
622 649 26.247978
648 649 213.849138
623 650 26.247978
649 650 187.525588
624 651 26.247978
650 651 601.574939
625 652 26.247978
651 652 863.671942
626 653 26.247978
652 653 472.541183
627 654 26.247978
653 654 283.670744
628 655 26.247978
654 655 32.888600
629 656 26.247978
655 656 48.641597
630 657 26.247978
656 657 423.899586
631 658 26.247978
657 658 283.670744
632 659 26.247978
658 659 558.321676
633 660 26.247978
659 660 192.335236
634 661 26.247978
660 661 419.680264
635 662 78.743933
661 662 883.899182
636 663 78.743933
662 663 224.361606
637 664 78.743933
663 664 303.383408
638 665 26.247978
664 665 955.657384
639 666 26.247978
665 666 294.633061
640 667 26.247978
666 667 103.722314
641 668 26.247978
667 668 354.805468
642 669 26.247978
668 669 434.295059
643 670 26.247978
669 670 354.805468
644 671 26.247978
670 671 1542.727558
645 672 26.247978
671 672 677.864954
646 673 26.247978
672 673 111.235573
647 674 26.247978
673 674 583.155986
648 675 28.314525
649 676 28.314525
675 676 213.849138
650 677 28.314525
676 677 187.525588
651 678 28.314525
677 678 601.574939
652 679 28.314525
678 679 863.671942
653 680 28.314525
679 680 472.541183
654 681 28.314525
680 681 283.670744
655 682 28.314525
681 682 32.888600
656 683 28.314525
682 683 48.641597
657 684 28.314525
683 684 423.899586
658 685 28.314525
684 685 283.670744
659 686 28.314525
685 686 558.321676
660 687 28.314525
686 687 192.335236
661 688 28.314525
687 688 419.680264
662 689 84.943574
688 689 883.899182
663 690 84.943574
689 690 224.361606
664 691 84.943574
690 691 303.383408
665 692 28.314525
691 692 955.657384
666 693 28.314525
692 693 294.633061
667 694 28.314525
693 694 103.722314
668 695 28.314525
694 695 354.805468
669 696 84.943574
695 696 1302.885176
670 697 28.314525
696 697 1064.416403
671 698 28.314525
697 698 1542.727558
672 699 28.314525
698 699 677.864954
673 700 28.314525
699 700 111.235573
674 701 28.314525
700 701 583.155986
675 702 734.538024
676 703 734.538024
702 703 213.849138
677 704 734.538024
703 704 187.525588
678 705 734.538024
704 705 601.574939
679 706 734.538024
705 706 863.671942
680 707 734.538024
706 707 472.541183
681 708 734.538024
707 708 283.670744
682 709 734.538024
708 709 32.888600
683 710 734.538024
709 710 48.641597
684 711 734.538024
710 711 423.899586
685 712 734.538024
711 712 283.670744
686 713 734.538024
712 713 558.321676
687 714 734.538024
713 714 192.335236
688 715 734.538024
714 715 419.680264
689 716 2203.614073
715 716 294.633061
690 717 2203.614073
716 717 74.787202
691 718 2203.614073
717 718 101.127803
692 719 734.538024
718 719 318.552461
693 720 734.538024
719 720 294.633061
694 721 734.538024
720 721 103.722314
695 722 734.538024
721 722 354.805468
696 723 2203.614073
722 723 1302.885176
697 724 734.538024
723 724 1064.416403
698 725 734.538024
724 725 1542.727558
699 726 734.538024
725 726 677.864954
700 727 734.538024
726 727 111.235573
701 728 734.538024
727 728 583.155986
702 729 26.247978
703 730 26.247978
729 730 213.849138
704 731 26.247978
730 731 187.525588
705 732 26.247978
731 732 601.574939
706 733 26.247978
732 733 863.671942
707 734 26.247978
733 734 472.541183
708 735 26.247978
734 735 283.670744
709 736 26.247978
735 736 32.888600
710 737 26.247978
736 737 48.641597
711 738 26.247978
737 738 423.899586
712 739 26.247978
738 739 283.670744
713 740 26.247978
739 740 558.321676
714 741 26.247978
740 741 192.335236
715 742 26.247978
741 742 419.680264
716 743 26.247978
742 743 294.633061
717 744 26.247978
743 744 74.787202
718 745 26.247978
744 745 101.127803
719 746 26.247978
745 746 318.552461
720 747 26.247978
746 747 294.633061
721 748 26.247978
747 748 103.722314
722 749 26.247978
748 749 354.805468
723 750 78.743933
749 750 434.295059
724 751 26.247978
750 751 354.805468
725 752 26.247978
751 752 1542.727558
726 753 26.247978
752 753 677.864954
727 754 26.247978
753 754 111.235573
728 755 26.247978
754 755 583.155986
