424.510842 51.469180 0.000000
424.510842 265.318318 0.000000
424.510842 452.843905 0.000000
424.510842 1054.418844 0.000000
424.510842 1918.090786 0.000000
424.510842 2390.631969 0.000000
424.510842 2674.302713 0.000000
424.510842 2707.191313 0.000000
424.510842 2755.832909 0.000000
424.510842 3179.732495 0.000000
424.510842 3463.403239 0.000000
424.510842 4021.724915 0.000000
424.510842 4214.060151 0.000000
424.510842 4633.740415 0.000000
424.510842 4928.373476 0.000000
424.510842 5003.160677 0.000000
424.510842 5104.288480 0.000000
424.510842 5422.840941 0.000000
424.510842 5717.474002 0.000000
424.510842 5821.196316 0.000000
424.510842 6176.001784 0.000000
424.510842 6610.296843 0.000000
424.510842 6965.102310 0.000000
424.510842 8507.829868 0.000000
424.510842 9185.694822 0.000000
424.510842 9296.930394 0.000000
424.510842 9880.086381 0.000000
610.643476 51.469180 0.000000
610.643476 265.318318 0.000000
610.643476 452.843905 0.000000
610.643476 1054.418844 0.000000
610.643476 1918.090786 0.000000
610.643476 2390.631969 0.000000
610.643476 2674.302713 0.000000
610.643476 2707.191313 0.000000
610.643476 2755.832909 0.000000
610.643476 3179.732495 0.000000
610.643476 3463.403239 0.000000
610.643476 4021.724915 0.000000
610.643476 4214.060151 0.000000
610.643476 4633.740415 0.000000
610.643476 4928.373476 0.000000
610.643476 5003.160677 0.000000
610.643476 5104.288480 0.000000
610.643476 5422.840941 0.000000
610.643476 5717.474002 0.000000
610.643476 5821.196316 0.000000
610.643476 6176.001784 0.000000
610.643476 6610.296843 0.000000
610.643476 6965.102310 0.000000
610.643476 8507.829868 0.000000
610.643476 9185.694822 0.000000
610.643476 9296.930394 0.000000
610.643476 9880.086381 0.000000
803.989414 51.469180 0.000000
803.989414 265.318318 0.000000
803.989414 452.843905 0.000000
803.989414 1054.418844 0.000000
803.989414 1918.090786 0.000000
803.989414 2390.631969 0.000000
803.989414 2674.302713 0.000000
803.989414 2707.191313 0.000000
803.989414 2755.832909 0.000000
803.989414 3179.732495 0.000000
803.989414 3463.403239 0.000000
803.989414 4021.724915 0.000000
803.989414 4214.060151 0.000000
803.989414 4633.740415 0.000000
803.989414 4928.373476 0.000000
803.989414 5003.160677 0.000000
803.989414 5104.288480 0.000000
803.989414 5422.840941 0.000000
803.989414 5717.474002 0.000000
803.989414 5821.196316 0.000000
803.989414 6176.001784 0.000000
803.989414 6610.296843 0.000000
803.989414 6965.102310 0.000000
803.989414 8507.829868 0.000000
803.989414 9185.694822 0.000000
803.989414 9296.930394 0.000000
803.989414 9880.086381 0.000000
1399.744003 51.469180 0.000000
1399.744003 265.318318 0.000000
1399.744003 452.843905 0.000000
1399.744003 1054.418844 0.000000
1399.744003 1918.090786 0.000000
1399.744003 2390.631969 0.000000
1399.744003 2674.302713 0.000000
1399.744003 2707.191313 0.000000
1399.744003 2755.832909 0.000000
1399.744003 3179.732495 0.000000
1399.744003 3463.403239 0.000000
1399.744003 4021.724915 0.000000
1399.744003 4214.060151 0.000000
1399.744003 4633.740415 0.000000
1399.744003 4928.373476 0.000000
1399.744003 5003.160677 0.000000
1399.744003 5104.288480 0.000000
1399.744003 5422.840941 0.000000
1399.744003 5717.474002 0.000000
1399.744003 5821.196316 0.000000
1399.744003 6176.001784 0.000000
1399.744003 6610.296843 0.000000
1399.744003 6965.102310 0.000000
1399.744003 8507.829868 0.000000
1399.744003 9185.694822 0.000000
1399.744003 9296.930394 0.000000
1399.744003 9880.086381 0.000000
1593.089940 51.469180 0.000000
1593.089940 265.318318 0.000000
1593.089940 452.843905 0.000000
1593.089940 1054.418844 0.000000
1593.089940 1918.090786 0.000000
1593.089940 2390.631969 0.000000
1593.089940 2674.302713 0.000000
1593.089940 2707.191313 0.000000
1593.089940 2755.832909 0.000000
1593.089940 3179.732495 0.000000
1593.089940 3463.403239 0.000000
1593.089940 4021.724915 0.000000
1593.089940 4214.060151 0.000000
1593.089940 4633.740415 0.000000
1593.089940 4928.373476 0.000000
1593.089940 5003.160677 0.000000
1593.089940 5104.288480 0.000000
1593.089940 5422.840941 0.000000
1593.089940 5717.474002 0.000000
1593.089940 5821.196316 0.000000
1593.089940 6176.001784 0.000000
1593.089940 6610.296843 0.000000
1593.089940 6965.102310 0.000000
1593.089940 8507.829868 0.000000
1593.089940 9185.694822 0.000000
1593.089940 9296.930394 0.000000
1593.089940 9880.086381 0.000000
1759.558060 51.469180 0.000000
1759.558060 265.318318 0.000000
1759.558060 452.843905 0.000000
1759.558060 1054.418844 0.000000
1759.558060 1918.090786 0.000000
1759.558060 2390.631969 0.000000
1759.558060 2674.302713 0.000000
1759.558060 2707.191313 0.000000
1759.558060 2755.832909 0.000000
1759.558060 3179.732495 0.000000
1759.558060 3463.403239 0.000000
1759.558060 4021.724915 0.000000
1759.558060 4214.060151 0.000000
1759.558060 4633.740415 0.000000
1759.558060 4928.373476 0.000000
1759.558060 5003.160677 0.000000
1759.558060 5104.288480 0.000000
1759.558060 5422.840941 0.000000
1759.558060 5717.474002 0.000000
1759.558060 5821.196316 0.000000
1759.558060 6176.001784 0.000000
1759.558060 6610.296843 0.000000
1759.558060 6965.102310 0.000000
1759.558060 8507.829868 0.000000
1759.558060 9185.694822 0.000000
1759.558060 9296.930394 0.000000
1759.558060 9880.086381 0.000000
2284.167335 51.469180 0.000000
2284.167335 265.318318 0.000000
2284.167335 452.843905 0.000000
2284.167335 1054.418844 0.000000
2284.167335 1918.090786 0.000000
2284.167335 2390.631969 0.000000
2284.167335 2674.302713 0.000000
2284.167335 2707.191313 0.000000
2284.167335 2755.832909 0.000000
2284.167335 3179.732495 0.000000
2284.167335 3463.403239 0.000000
2284.167335 4021.724915 0.000000
2284.167335 4214.060151 0.000000
2284.167335 4633.740415 0.000000
2284.167335 4928.373476 0.000000
2284.167335 5003.160677 0.000000
2284.167335 5104.288480 0.000000
2284.167335 5422.840941 0.000000
2284.167335 5717.474002 0.000000
2284.167335 5821.196316 0.000000
2284.167335 6176.001784 0.000000
2284.167335 6610.296843 0.000000
2284.167335 6965.102310 0.000000
2284.167335 8507.829868 0.000000
2284.167335 9185.694822 0.000000
2284.167335 9296.930394 0.000000
2284.167335 9880.086381 0.000000
2548.658587 51.469180 0.000000
2548.658587 265.318318 0.000000
2548.658587 452.843905 0.000000
2548.658587 1054.418844 0.000000
2548.658587 1918.090786 0.000000
2548.658587 2390.631969 0.000000
2548.658587 2674.302713 0.000000
2548.658587 2707.191313 0.000000
2548.658587 2755.832909 0.000000
2548.658587 3179.732495 0.000000
2548.658587 3463.403239 0.000000
2548.658587 4021.724915 0.000000
2548.658587 4214.060151 0.000000
2548.658587 4633.740415 0.000000
2548.658587 4928.373476 0.000000
2548.658587 5003.160677 0.000000
2548.658587 5104.288480 0.000000
2548.658587 5422.840941 0.000000
2548.658587 5717.474002 0.000000
2548.658587 5821.196316 0.000000
2548.658587 6176.001784 0.000000
2548.658587 6610.296843 0.000000
2548.658587 6965.102310 0.000000
2548.658587 8507.829868 0.000000
2548.658587 9185.694822 0.000000
2548.658587 9296.930394 0.000000
2548.658587 9880.086381 0.000000
2686.383234 51.469180 0.000000
2686.383234 265.318318 0.000000
2686.383234 452.843905 0.000000
2686.383234 1054.418844 0.000000
2686.383234 1918.090786 0.000000
2686.383234 2390.631969 0.000000
2686.383234 2674.302713 0.000000
2686.383234 2707.191313 0.000000
2686.383234 2755.832909 0.000000
2686.383234 3179.732495 0.000000
2686.383234 3463.403239 0.000000
2686.383234 4021.724915 0.000000
2686.383234 4214.060151 0.000000
2686.383234 4633.740415 0.000000
2686.383234 4928.373476 0.000000
2686.383234 5003.160677 0.000000
2686.383234 5104.288480 0.000000
2686.383234 5422.840941 0.000000
2686.383234 5717.474002 0.000000
2686.383234 5821.196316 0.000000
2686.383234 6176.001784 0.000000
2686.383234 6610.296843 0.000000
2686.383234 6965.102310 0.000000
2686.383234 8507.829868 0.000000
2686.383234 9185.694822 0.000000
2686.383234 9296.930394 0.000000
2686.383234 9880.086381 0.000000
3201.746149 51.469180 0.000000
3201.746149 265.318318 0.000000
3201.746149 452.843905 0.000000
3201.746149 1054.418844 0.000000
3201.746149 1918.090786 0.000000
3201.746149 2390.631969 0.000000
3201.746149 2674.302713 0.000000
3201.746149 2707.191313 0.000000
3201.746149 2755.832909 0.000000
3201.746149 3179.732495 0.000000
3201.746149 3463.403239 0.000000
3201.746149 4021.724915 0.000000
3201.746149 4214.060151 0.000000
3201.746149 4633.740415 0.000000
3201.746149 4928.373476 0.000000
3201.746149 5003.160677 0.000000
3201.746149 5104.288480 0.000000
3201.746149 5422.840941 0.000000
3201.746149 5717.474002 0.000000
3201.746149 5821.196316 0.000000
3201.746149 6176.001784 0.000000
3201.746149 6610.296843 0.000000
3201.746149 6965.102310 0.000000
3201.746149 8507.829868 0.000000
3201.746149 9185.694822 0.000000
3201.746149 9296.930394 0.000000
3201.746149 9880.086381 0.000000
3475.483760 51.469180 0.000000
3475.483760 265.318318 0.000000
3475.483760 452.843905 0.000000
3475.483760 1054.418844 0.000000
3475.483760 1918.090786 0.000000
3475.483760 2390.631969 0.000000
3475.483760 2674.302713 0.000000
3475.483760 2707.191313 0.000000
3475.483760 2755.832909 0.000000
3475.483760 3179.732495 0.000000
3475.483760 3463.403239 0.000000
3475.483760 4021.724915 0.000000
3475.483760 4214.060151 0.000000
3475.483760 4633.740415 0.000000
3475.483760 4928.373476 0.000000
3475.483760 5003.160677 0.000000
3475.483760 5104.288480 0.000000
3475.483760 5422.840941 0.000000
3475.483760 5717.474002 0.000000
3475.483760 5821.196316 0.000000
3475.483760 6176.001784 0.000000
3475.483760 6610.296843 0.000000
3475.483760 6965.102310 0.000000
3475.483760 8507.829868 0.000000
3475.483760 9185.694822 0.000000
3475.483760 9296.930394 0.000000
3475.483760 9880.086381 0.000000
3574.021022 51.469180 0.000000
3574.021022 265.318318 0.000000
3574.021022 452.843905 0.000000
3574.021022 1054.418844 0.000000
3574.021022 1918.090786 0.000000
3574.021022 2390.631969 0.000000
3574.021022 2674.302713 0.000000
3574.021022 2707.191313 0.000000
3574.021022 2755.832909 0.000000
3574.021022 3179.732495 0.000000
3574.021022 3463.403239 0.000000
3574.021022 4021.724915 0.000000
3574.021022 4214.060151 0.000000
3574.021022 4633.740415 0.000000
3574.021022 4928.373476 0.000000
3574.021022 5003.160677 0.000000
3574.021022 5104.288480 0.000000
3574.021022 5422.840941 0.000000
3574.021022 5717.474002 0.000000
3574.021022 5821.196316 0.000000
3574.021022 6176.001784 0.000000
3574.021022 6610.296843 0.000000
3574.021022 6965.102310 0.000000
3574.021022 8507.829868 0.000000
3574.021022 9185.694822 0.000000
3574.021022 9296.930394 0.000000
3574.021022 9880.086381 0.000000
4020.352860 51.469180 0.000000
4020.352860 265.318318 0.000000
4020.352860 452.843905 0.000000
4020.352860 1054.418844 0.000000
4020.352860 1918.090786 0.000000
4020.352860 2390.631969 0.000000
4020.352860 2674.302713 0.000000
4020.352860 2707.191313 0.000000
4020.352860 2755.832909 0.000000
4020.352860 3179.732495 0.000000
4020.352860 3463.403239 0.000000
4020.352860 4021.724915 0.000000
4020.352860 4214.060151 0.000000
4020.352860 4633.740415 0.000000
4020.352860 4928.373476 0.000000
4020.352860 5003.160677 0.000000
4020.352860 5104.288480 0.000000
4020.352860 5422.840941 0.000000
4020.352860 5717.474002 0.000000
4020.352860 5821.196316 0.000000
4020.352860 6176.001784 0.000000
4020.352860 6610.296843 0.000000
4020.352860 6965.102310 0.000000
4020.352860 8507.829868 0.000000
4020.352860 9185.694822 0.000000
4020.352860 9296.930394 0.000000
4020.352860 9880.086381 0.000000
4424.939072 51.469180 0.000000
4424.939072 265.318318 0.000000
4424.939072 452.843905 0.000000
4424.939072 1054.418844 0.000000
4424.939072 1918.090786 0.000000
4424.939072 2390.631969 0.000000
4424.939072 2674.302713 0.000000
4424.939072 2707.191313 0.000000
4424.939072 2755.832909 0.000000
4424.939072 3179.732495 0.000000
4424.939072 3463.403239 0.000000
4424.939072 4021.724915 0.000000
4424.939072 4214.060151 0.000000
4424.939072 4633.740415 0.000000
4424.939072 4928.373476 0.000000
4424.939072 5003.160677 0.000000
4424.939072 5104.288480 0.000000
4424.939072 5422.840941 0.000000
4424.939072 5717.474002 0.000000
4424.939072 5821.196316 0.000000
4424.939072 6176.001784 0.000000
4424.939072 6610.296843 0.000000
4424.939072 6965.102310 0.000000
4424.939072 8507.829868 0.000000
4424.939072 9185.694822 0.000000
4424.939072 9296.930394 0.000000
4424.939072 9880.086381 0.000000
4718.046954 51.469180 0.000000
4718.046954 265.318318 0.000000
4718.046954 452.843905 0.000000
4718.046954 1054.418844 0.000000
4718.046954 1918.090786 0.000000
4718.046954 2390.631969 0.000000
4718.046954 2674.302713 0.000000
4718.046954 2707.191313 0.000000
4718.046954 2755.832909 0.000000
4718.046954 3179.732495 0.000000
4718.046954 3463.403239 0.000000
4718.046954 4021.724915 0.000000
4718.046954 4214.060151 0.000000
4718.046954 4633.740415 0.000000
4718.046954 4928.373476 0.000000
4718.046954 5003.160677 0.000000
4718.046954 5104.288480 0.000000
4718.046954 5422.840941 0.000000
4718.046954 5717.474002 0.000000
4718.046954 5821.196316 0.000000
4718.046954 6176.001784 0.000000
4718.046954 6610.296843 0.000000
4718.046954 6965.102310 0.000000
4718.046954 8507.829868 0.000000
4718.046954 9185.694822 0.000000
4718.046954 9296.930394 0.000000
4718.046954 9880.086381 0.000000
4809.453386 51.469180 0.000000
4809.453386 265.318318 0.000000
4809.453386 452.843905 0.000000
4809.453386 1054.418844 0.000000
4809.453386 1918.090786 0.000000
4809.453386 2390.631969 0.000000
4809.453386 2674.302713 0.000000
4809.453386 2707.191313 0.000000
4809.453386 2755.832909 0.000000
4809.453386 3179.732495 0.000000
4809.453386 3463.403239 0.000000
4809.453386 4021.724915 0.000000
4809.453386 4214.060151 0.000000
4809.453386 4633.740415 0.000000
4809.453386 4928.373476 0.000000
4809.453386 5003.160677 0.000000
4809.453386 5104.288480 0.000000
4809.453386 5422.840941 0.000000
4809.453386 5717.474002 0.000000
4809.453386 5821.196316 0.000000
4809.453386 6176.001784 0.000000
4809.453386 6610.296843 0.000000
4809.453386 6965.102310 0.000000
4809.453386 8507.829868 0.000000
4809.453386 9185.694822 0.000000
4809.453386 9296.930394 0.000000
4809.453386 9880.086381 0.000000
4886.519544 51.469180 0.000000
4886.519544 265.318318 0.000000
4886.519544 452.843905 0.000000
4886.519544 1054.418844 0.000000
4886.519544 1918.090786 0.000000
4886.519544 2390.631969 0.000000
4886.519544 2674.302713 0.000000
4886.519544 2707.191313 0.000000
4886.519544 2755.832909 0.000000
4886.519544 3179.732495 0.000000
4886.519544 3463.403239 0.000000
4886.519544 4021.724915 0.000000
4886.519544 4214.060151 0.000000
4886.519544 4633.740415 0.000000
4886.519544 4928.373476 0.000000
4886.519544 5003.160677 0.000000
4886.519544 5104.288480 0.000000
4886.519544 5422.840941 0.000000
4886.519544 5717.474002 0.000000
4886.519544 5821.196316 0.000000
4886.519544 6176.001784 0.000000
4886.519544 6610.296843 0.000000
4886.519544 6965.102310 0.000000
4886.519544 8507.829868 0.000000
4886.519544 9185.694822 0.000000
4886.519544 9296.930394 0.000000
4886.519544 9880.086381 0.000000
5507.147480 51.469180 0.000000
5507.147480 265.318318 0.000000
5507.147480 452.843905 0.000000
5507.147480 1054.418844 0.000000
5507.147480 1918.090786 0.000000
5507.147480 2390.631969 0.000000
5507.147480 2674.302713 0.000000
5507.147480 2707.191313 0.000000
5507.147480 2755.832909 0.000000
5507.147480 3179.732495 0.000000
5507.147480 3463.403239 0.000000
5507.147480 4021.724915 0.000000
5507.147480 4214.060151 0.000000
5507.147480 4633.740415 0.000000
5507.147480 4928.373476 0.000000
5507.147480 5003.160677 0.000000
5507.147480 5104.288480 0.000000
5507.147480 5422.840941 0.000000
5507.147480 5717.474002 0.000000
5507.147480 5821.196316 0.000000
5507.147480 6176.001784 0.000000
5507.147480 6610.296843 0.000000
5507.147480 6965.102310 0.000000
5507.147480 8507.829868 0.000000
5507.147480 9185.694822 0.000000
5507.147480 9296.930394 0.000000
5507.147480 9880.086381 0.000000
5675.620071 51.469180 0.000000
5675.620071 265.318318 0.000000
5675.620071 452.843905 0.000000
5675.620071 1054.418844 0.000000
5675.620071 1918.090786 0.000000
5675.620071 2390.631969 0.000000
5675.620071 2674.302713 0.000000
5675.620071 2707.191313 0.000000
5675.620071 2755.832909 0.000000
5675.620071 3179.732495 0.000000
5675.620071 3463.403239 0.000000
5675.620071 4021.724915 0.000000
5675.620071 4214.060151 0.000000
5675.620071 4633.740415 0.000000
5675.620071 4928.373476 0.000000
5675.620071 5003.160677 0.000000
5675.620071 5104.288480 0.000000
5675.620071 5422.840941 0.000000
5675.620071 5717.474002 0.000000
5675.620071 5821.196316 0.000000
5675.620071 6176.001784 0.000000
5675.620071 6610.296843 0.000000
5675.620071 6965.102310 0.000000
5675.620071 8507.829868 0.000000
5675.620071 9185.694822 0.000000
5675.620071 9296.930394 0.000000
5675.620071 9880.086381 0.000000
6454.392323 51.469180 0.000000
6454.392323 265.318318 0.000000
6454.392323 452.843905 0.000000
6454.392323 1054.418844 0.000000
6454.392323 1918.090786 0.000000
6454.392323 2390.631969 0.000000
6454.392323 2674.302713 0.000000
6454.392323 2707.191313 0.000000
6454.392323 2755.832909 0.000000
6454.392323 3179.732495 0.000000
6454.392323 3463.403239 0.000000
6454.392323 4021.724915 0.000000
6454.392323 4214.060151 0.000000
6454.392323 4633.740415 0.000000
6454.392323 4928.373476 0.000000
6454.392323 5003.160677 0.000000
6454.392323 5104.288480 0.000000
6454.392323 5422.840941 0.000000
6454.392323 5717.474002 0.000000
6454.392323 5821.196316 0.000000
6454.392323 6176.001784 0.000000
6454.392323 6610.296843 0.000000
6454.392323 6965.102310 0.000000
6454.392323 8507.829868 0.000000
6454.392323 9185.694822 0.000000
6454.392323 9296.930394 0.000000
6454.392323 9880.086381 0.000000
7224.648679 51.469180 0.000000
7224.648679 265.318318 0.000000
7224.648679 452.843905 0.000000
7224.648679 1054.418844 0.000000
7224.648679 1918.090786 0.000000
7224.648679 2390.631969 0.000000
7224.648679 2674.302713 0.000000
7224.648679 2707.191313 0.000000
7224.648679 2755.832909 0.000000
7224.648679 3179.732495 0.000000
7224.648679 3463.403239 0.000000
7224.648679 4021.724915 0.000000
7224.648679 4214.060151 0.000000
7224.648679 4633.740415 0.000000
7224.648679 4928.373476 0.000000
7224.648679 5003.160677 0.000000
7224.648679 5104.288480 0.000000
7224.648679 5422.840941 0.000000
7224.648679 5717.474002 0.000000
7224.648679 5821.196316 0.000000
7224.648679 6176.001784 0.000000
7224.648679 6610.296843 0.000000
7224.648679 6965.102310 0.000000
7224.648679 8507.829868 0.000000
7224.648679 9185.694822 0.000000
7224.648679 9296.930394 0.000000
7224.648679 9880.086381 0.000000
7243.492850 51.469180 0.000000
7243.492850 265.318318 0.000000
7243.492850 452.843905 0.000000
7243.492850 1054.418844 0.000000
7243.492850 1918.090786 0.000000
7243.492850 2390.631969 0.000000
7243.492850 2674.302713 0.000000
7243.492850 2707.191313 0.000000
7243.492850 2755.832909 0.000000
7243.492850 3179.732495 0.000000
7243.492850 3463.403239 0.000000
7243.492850 4021.724915 0.000000
7243.492850 4214.060151 0.000000
7243.492850 4633.740415 0.000000
7243.492850 4928.373476 0.000000
7243.492850 5003.160677 0.000000
7243.492850 5104.288480 0.000000
7243.492850 5422.840941 0.000000
7243.492850 5717.474002 0.000000
7243.492850 5821.196316 0.000000
7243.492850 6176.001784 0.000000
7243.492850 6610.296843 0.000000
7243.492850 6965.102310 0.000000
7243.492850 8507.829868 0.000000
7243.492850 9185.694822 0.000000
7243.492850 9296.930394 0.000000
7243.492850 9880.086381 0.000000
7524.972858 51.469180 0.000000
7524.972858 265.318318 0.000000
7524.972858 452.843905 0.000000
7524.972858 1054.418844 0.000000
7524.972858 1918.090786 0.000000
7524.972858 2390.631969 0.000000
7524.972858 2674.302713 0.000000
7524.972858 2707.191313 0.000000
7524.972858 2755.832909 0.000000
7524.972858 3179.732495 0.000000
7524.972858 3463.403239 0.000000
7524.972858 4021.724915 0.000000
7524.972858 4214.060151 0.000000
7524.972858 4633.740415 0.000000
7524.972858 4928.373476 0.000000
7524.972858 5003.160677 0.000000
7524.972858 5104.288480 0.000000
7524.972858 5422.840941 0.000000
7524.972858 5717.474002 0.000000
7524.972858 5821.196316 0.000000
7524.972858 6176.001784 0.000000
7524.972858 6610.296843 0.000000
7524.972858 6965.102310 0.000000
7524.972858 8507.829868 0.000000
7524.972858 9185.694822 0.000000
7524.972858 9296.930394 0.000000
7524.972858 9880.086381 0.000000
8260.953603 51.469180 0.000000
8260.953603 265.318318 0.000000
8260.953603 452.843905 0.000000
8260.953603 1054.418844 0.000000
8260.953603 1918.090786 0.000000
8260.953603 2390.631969 0.000000
8260.953603 2674.302713 0.000000
8260.953603 2707.191313 0.000000
8260.953603 2755.832909 0.000000
8260.953603 3179.732495 0.000000
8260.953603 3463.403239 0.000000
8260.953603 4021.724915 0.000000
8260.953603 4214.060151 0.000000
8260.953603 4633.740415 0.000000
8260.953603 4928.373476 0.000000
8260.953603 5003.160677 0.000000
8260.953603 5104.288480 0.000000
8260.953603 5422.840941 0.000000
8260.953603 5717.474002 0.000000
8260.953603 5821.196316 0.000000
8260.953603 6176.001784 0.000000
8260.953603 6610.296843 0.000000
8260.953603 6965.102310 0.000000
8260.953603 8507.829868 0.000000
8260.953603 9185.694822 0.000000
8260.953603 9296.930394 0.000000
8260.953603 9880.086381 0.000000
8287.201580 51.469180 0.000000
8287.201580 265.318318 0.000000
8287.201580 452.843905 0.000000
8287.201580 1054.418844 0.000000
8287.201580 1918.090786 0.000000
8287.201580 2390.631969 0.000000
8287.201580 2674.302713 0.000000
8287.201580 2707.191313 0.000000
8287.201580 2755.832909 0.000000
8287.201580 3179.732495 0.000000
8287.201580 3463.403239 0.000000
8287.201580 4021.724915 0.000000
8287.201580 4214.060151 0.000000
8287.201580 4633.740415 0.000000
8287.201580 4928.373476 0.000000
8287.201580 5003.160677 0.000000
8287.201580 5104.288480 0.000000
8287.201580 5422.840941 0.000000
8287.201580 5717.474002 0.000000
8287.201580 5821.196316 0.000000
8287.201580 6176.001784 0.000000
8287.201580 6610.296843 0.000000
8287.201580 6965.102310 0.000000
8287.201580 8507.829868 0.000000
8287.201580 9185.694822 0.000000
8287.201580 9296.930394 0.000000
8287.201580 9880.086381 0.000000
8315.516105 51.469180 0.000000
8315.516105 265.318318 0.000000
8315.516105 452.843905 0.000000
8315.516105 1054.418844 0.000000
8315.516105 1918.090786 0.000000
8315.516105 2390.631969 0.000000
8315.516105 2674.302713 0.000000
8315.516105 2707.191313 0.000000
8315.516105 2755.832909 0.000000
8315.516105 3179.732495 0.000000
8315.516105 3463.403239 0.000000
8315.516105 4021.724915 0.000000
8315.516105 4214.060151 0.000000
8315.516105 4633.740415 0.000000
8315.516105 4928.373476 0.000000
8315.516105 5003.160677 0.000000
8315.516105 5104.288480 0.000000
8315.516105 5422.840941 0.000000
8315.516105 5717.474002 0.000000
8315.516105 5821.196316 0.000000
8315.516105 6176.001784 0.000000
8315.516105 6610.296843 0.000000
8315.516105 6965.102310 0.000000
8315.516105 8507.829868 0.000000
8315.516105 9185.694822 0.000000
8315.516105 9296.930394 0.000000
8315.516105 9880.086381 0.000000
9050.054129 51.469180 0.000000
9050.054129 265.318318 0.000000
9050.054129 452.843905 0.000000
9050.054129 1054.418844 0.000000
9050.054129 1918.090786 0.000000
9050.054129 2390.631969 0.000000
9050.054129 2674.302713 0.000000
9050.054129 2707.191313 0.000000
9050.054129 2755.832909 0.000000
9050.054129 3179.732495 0.000000
9050.054129 3463.403239 0.000000
9050.054129 4021.724915 0.000000
9050.054129 4214.060151 0.000000
9050.054129 4633.740415 0.000000
9050.054129 4928.373476 0.000000
9050.054129 5003.160677 0.000000
9050.054129 5104.288480 0.000000
9050.054129 5422.840941 0.000000
9050.054129 5717.474002 0.000000
9050.054129 5821.196316 0.000000
9050.054129 6176.001784 0.000000
9050.054129 6610.296843 0.000000
9050.054129 6965.102310 0.000000
9050.054129 8507.829868 0.000000
9050.054129 9185.694822 0.000000
9050.054129 9296.930394 0.000000
9050.054129 9880.086381 0.000000
9076.302107 51.469180 0.000000
9076.302107 265.318318 0.000000
9076.302107 452.843905 0.000000
9076.302107 1054.418844 0.000000
9076.302107 1918.090786 0.000000
9076.302107 2390.631969 0.000000
9076.302107 2674.302713 0.000000
9076.302107 2707.191313 0.000000
9076.302107 2755.832909 0.000000
9076.302107 3179.732495 0.000000
9076.302107 3463.403239 0.000000
9076.302107 4021.724915 0.000000
9076.302107 4214.060151 0.000000
9076.302107 4633.740415 0.000000
9076.302107 4928.373476 0.000000
9076.302107 5003.160677 0.000000
9076.302107 5104.288480 0.000000
9076.302107 5422.840941 0.000000
9076.302107 5717.474002 0.000000
9076.302107 5821.196316 0.000000
9076.302107 6176.001784 0.000000
9076.302107 6610.296843 0.000000
9076.302107 6965.102310 0.000000
9076.302107 8507.829868 0.000000
9076.302107 9185.694822 0.000000
9076.302107 9296.930394 0.000000
9076.302107 9880.086381 0.000000
