0 1 764.857864
1 2 734.541695
2 3 1495.901775
3 4 734.541695
4 5 97.877419
5 6 165.578876
6 7 112.694029
7 8 111.070902
8 9 345.197888
9 10 278.272905
10 11 111.070902
11 12 185.426545
12 13 253.231866
13 14 481.309829
14 15 253.231866
15 16 510.644813
16 17 734.541695
17 18 1123.347814
18 19 57.358726
19 20 31.865131
20 21 645.317839
0 22 959.005183
1 23 959.005183
22 23 764.857864
2 24 959.005183
23 24 734.541695
3 25 959.005183
24 25 1495.901775
4 26 959.005183
25 26 734.541695
5 27 959.005183
26 27 97.877419
6 28 959.005183
27 28 165.578876
7 29 959.005183
28 29 112.694029
8 30 959.005183
29 30 111.070902
9 31 959.005183
30 31 345.197888
10 32 959.005183
31 32 278.272905
11 33 959.005183
32 33 111.070902
12 34 959.005183
33 34 185.426545
13 35 959.005183
34 35 253.231866
14 36 959.005183
35 36 481.309829
15 37 959.005183
36 37 253.231866
16 38 959.005183
37 38 510.644813
17 39 959.005183
38 39 734.541695
18 40 959.005183
39 40 1123.347814
19 41 959.005183
40 41 57.358726
20 42 959.005183
41 42 31.865131
21 43 959.005183
42 43 645.317839
22 44 734.541695
23 45 734.541695
44 45 764.857864
24 46 734.541695
45 46 734.541695
25 47 734.541695
46 47 1495.901775
26 48 734.541695
47 48 734.541695
27 49 734.541695
48 49 97.877419
28 50 734.541695
49 50 165.578876
29 51 734.541695
50 51 112.694029
30 52 734.541695
51 52 111.070902
31 53 734.541695
52 53 345.197888
32 54 734.541695
53 54 278.272905
33 55 734.541695
54 55 111.070902
34 56 734.541695
55 56 185.426545
35 57 734.541695
56 57 253.231866
36 58 734.541695
57 58 481.309829
37 59 734.541695
58 59 253.231866
38 60 734.541695
59 60 510.644813
39 61 734.541695
60 61 734.541695
40 62 734.541695
61 62 1123.347814
41 63 734.541695
62 63 57.358726
42 64 734.541695
63 64 31.865131
43 65 734.541695
64 65 645.317839
44 66 416.262860
45 67 416.262860
66 67 764.857864
46 68 416.262860
67 68 734.541695
47 69 416.262860
68 69 1495.901775
48 70 416.262860
69 70 734.541695
49 71 416.262860
70 71 97.877419
50 72 416.262860
71 72 165.578876
51 73 416.262860
72 73 112.694029
52 74 416.262860
73 74 111.070902
53 75 416.262860
74 75 345.197888
54 76 416.262860
75 76 278.272905
55 77 416.262860
76 77 111.070902
56 78 416.262860
77 78 185.426545
57 79 416.262860
78 79 253.231866
58 80 416.262860
79 80 481.309829
59 81 416.262860
80 81 253.231866
60 82 416.262860
81 82 510.644813
61 83 416.262860
82 83 734.541695
62 84 416.262860
83 84 1123.347814
63 85 416.262860
84 85 57.358726
64 86 416.262860
85 86 31.865131
65 87 416.262860
86 87 645.317839
66 88 46.025089
67 89 46.025089
88 89 764.857864
68 90 46.025089
89 90 734.541695
69 91 46.025089
90 91 1495.901775
70 92 46.025089
91 92 734.541695
71 93 46.025089
92 93 97.877419
72 94 46.025089
93 94 165.578876
73 95 46.025089
94 95 112.694029
74 96 46.025089
95 96 111.070902
75 97 138.075268
96 97 1035.593663
76 98 138.075268
97 98 834.818715
77 99 46.025089
98 99 333.212707
78 100 46.025089
99 100 185.426545
79 101 46.025089
100 101 253.231866
80 102 46.025089
101 102 481.309829
81 103 46.025089
102 103 253.231866
82 104 46.025089
103 104 510.644813
83 105 46.025089
104 105 734.541695
84 106 46.025089
105 106 1123.347814
85 107 46.025089
106 107 57.358726
86 108 46.025089
107 108 31.865131
87 109 46.025089
108 109 645.317839
88 110 688.516606
89 111 688.516606
110 111 764.857864
90 112 688.516606
111 112 734.541695
91 113 688.516606
112 113 1495.901775
92 114 688.516606
113 114 734.541695
93 115 688.516606
114 115 97.877419
94 116 688.516606
115 116 165.578876
95 117 688.516606
116 117 112.694029
96 118 688.516606
117 118 111.070902
97 119 2065.549817
118 119 345.197888
98 120 2065.549817
119 120 278.272905
99 121 688.516606
120 121 111.070902
100 122 688.516606
121 122 185.426545
101 123 688.516606
122 123 253.231866
103 125 688.516606
104 126 688.516606
125 126 510.644813
105 127 688.516606
126 127 734.541695
106 128 688.516606
127 128 1123.347814
107 129 688.516606
128 129 57.358726
108 130 688.516606
129 130 31.865131
109 131 688.516606
130 131 645.317839
110 132 46.025089
111 133 46.025089
132 133 764.857864
112 134 46.025089
133 134 734.541695
113 135 46.025089
134 135 1495.901775
114 136 46.025089
135 136 734.541695
115 137 46.025089
136 137 97.877419
116 138 46.025089
137 138 165.578876
117 139 46.025089
138 139 112.694029
118 140 46.025089
139 140 111.070902
119 141 46.025089
140 141 345.197888
120 142 46.025089
141 142 278.272905
121 143 46.025089
142 143 111.070902
122 144 46.025089
143 144 185.426545
123 145 46.025089
144 145 253.231866
145 146 481.309829
125 147 46.025089
146 147 253.231866
126 148 46.025089
147 148 510.644813
127 149 46.025089
148 149 734.541695
128 150 46.025089
149 150 1123.347814
129 151 46.025089
150 151 57.358726
130 152 46.025089
151 152 31.865131
131 153 46.025089
152 153 645.317839
132 154 714.405495
133 155 714.405495
154 155 764.857864
134 156 714.405495
155 156 734.541695
135 157 714.405495
156 157 1495.901775
136 158 714.405495
157 158 734.541695
137 159 714.405495
158 159 97.877419
138 160 714.405495
159 160 165.578876
139 161 714.405495
160 161 112.694029
140 162 714.405495
161 162 111.070902
141 163 714.405495
162 163 345.197888
142 164 714.405495
163 164 278.272905
143 165 714.405495
164 165 111.070902
144 166 714.405495
165 166 185.426545
145 167 714.405495
166 167 253.231866
146 168 714.405495
167 168 481.309829
147 169 714.405495
168 169 253.231866
148 170 714.405495
169 170 510.644813
149 171 714.405495
170 171 734.541695
150 172 714.405495
171 172 1123.347814
151 173 714.405495
172 173 57.358726
152 174 714.405495
173 174 31.865131
153 175 714.405495
174 175 645.317839
154 176 57.924960
155 177 57.924960
176 177 764.857864
156 178 57.924960
177 178 734.541695
157 179 57.924960
178 179 1495.901775
158 180 57.924960
179 180 734.541695
159 181 57.924960
180 181 97.877419
160 182 57.924960
181 182 165.578876
161 183 57.924960
182 183 112.694029
162 184 57.924960
183 184 111.070902
163 185 57.924960
184 185 345.197888
164 186 57.924960
185 186 278.272905
165 187 57.924960
186 187 111.070902
166 188 57.924960
187 188 185.426545
167 189 57.924960
188 189 253.231866
168 190 57.924960
189 190 481.309829
169 191 57.924960
190 191 253.231866
170 192 57.924960
191 192 510.644813
171 193 57.924960
192 193 734.541695
172 194 57.924960
193 194 1123.347814
173 195 57.924960
194 195 57.358726
174 196 57.924960
195 196 31.865131
175 197 57.924960
196 197 645.317839
176 198 640.118786
177 199 640.118786
198 199 764.857864
178 200 640.118786
199 200 2203.625085
179 201 640.118786
200 201 1495.901775
180 202 640.118786
201 202 734.541695
181 203 640.118786
202 203 97.877419
182 204 640.118786
203 204 165.578876
183 205 640.118786
204 205 112.694029
184 206 640.118786
205 206 111.070902
185 207 640.118786
206 207 345.197888
186 208 640.118786
207 208 278.272905
187 209 640.118786
208 209 111.070902
188 210 640.118786
209 210 185.426545
189 211 640.118786
210 211 253.231866
190 212 640.118786
211 212 481.309829
191 213 640.118786
212 213 253.231866
192 214 640.118786
213 214 510.644813
193 215 640.118786
214 215 734.541695
194 216 640.118786
215 216 1123.347814
195 217 640.118786
216 217 57.358726
196 218 640.118786
217 218 31.865131
197 219 640.118786
218 219 645.317839
198 220 65.142606
199 221 65.142606
220 221 764.857864
200 222 65.142606
221 222 2203.625085
201 223 65.142606
222 223 1495.901775
202 224 65.142606
223 224 734.541695
203 225 65.142606
224 225 97.877419
204 226 65.142606
225 226 165.578876
205 227 65.142606
226 227 112.694029
206 228 65.142606
227 228 111.070902
207 229 65.142606
228 229 345.197888
208 230 65.142606
229 230 278.272905
209 231 65.142606
230 231 111.070902
210 232 65.142606
231 232 185.426545
211 233 65.142606
232 233 253.231866
214 236 65.142606
215 237 65.142606
236 237 734.541695
216 238 65.142606
237 238 1123.347814
217 239 65.142606
238 239 57.358726
218 240 65.142606
239 240 31.865131
219 241 65.142606
240 241 645.317839
220 242 29.280303
221 243 29.280303
242 243 764.857864
222 244 29.280303
243 244 734.541695
223 245 29.280303
244 245 1495.901775
224 246 29.280303
245 246 734.541695
225 247 29.280303
246 247 97.877419
226 248 29.280303
247 248 165.578876
227 249 29.280303
248 249 112.694029
230 252 29.280303
231 253 29.280303
252 253 111.070902
232 254 29.280303
253 254 185.426545
233 255 29.280303
254 255 253.231866
236 258 29.280303
237 259 29.280303
258 259 734.541695
238 260 29.280303
259 260 1123.347814
239 261 29.280303
260 261 57.358726
240 262 29.280303
261 262 31.865131
241 263 29.280303
262 263 645.317839
242 264 640.118786
243 265 640.118786
264 265 764.857864
244 266 640.118786
265 266 734.541695
245 267 640.118786
266 267 1495.901775
246 268 640.118786
267 268 734.541695
247 269 640.118786
268 269 97.877419
248 270 640.118786
269 270 165.578876
249 271 640.118786
270 271 112.694029
252 274 640.118786
253 275 640.118786
274 275 111.070902
254 276 640.118786
275 276 185.426545
255 277 640.118786
276 277 253.231866
277 278 481.309829
278 279 253.231866
258 280 640.118786
279 280 510.644813
259 281 640.118786
280 281 734.541695
260 282 640.118786
281 282 1123.347814
261 283 640.118786
282 283 57.358726
262 284 640.118786
283 284 31.865131
263 285 640.118786
284 285 645.317839
264 286 65.142606
265 287 65.142606
286 287 764.857864
266 288 65.142606
287 288 734.541695
267 289 65.142606
288 289 1495.901775
268 290 65.142606
289 290 734.541695
269 291 65.142606
290 291 97.877419
270 292 65.142606
291 292 165.578876
271 293 65.142606
292 293 112.694029
293 294 111.070902
294 295 345.197888
274 296 65.142606
295 296 278.272905
275 297 65.142606
296 297 111.070902
276 298 65.142606
297 298 185.426545
277 299 65.142606
298 299 253.231866
278 300 65.142606
299 300 481.309829
279 301 65.142606
300 301 253.231866
280 302 65.142606
301 302 510.644813
281 303 65.142606
302 303 734.541695
282 304 65.142606
303 304 1123.347814
283 305 65.142606
304 305 57.358726
284 306 65.142606
305 306 31.865131
285 307 65.142606
306 307 645.317839
286 308 719.876882
287 309 719.876882
308 309 764.857864
288 310 719.876882
309 310 734.541695
289 311 719.876882
310 311 1495.901775
290 312 719.876882
311 312 734.541695
291 313 719.876882
312 313 97.877419
292 314 719.876882
313 314 165.578876
293 315 719.876882
314 315 112.694029
294 316 719.876882
315 316 111.070902
295 317 719.876882
316 317 345.197888
296 318 719.876882
317 318 278.272905
297 319 719.876882
318 319 111.070902
298 320 719.876882
319 320 185.426545
299 321 719.876882
320 321 253.231866
300 322 719.876882
321 322 481.309829
301 323 719.876882
322 323 253.231866
302 324 719.876882
323 324 510.644813
303 325 719.876882
324 325 734.541695
304 326 719.876882
325 326 1123.347814
305 327 719.876882
326 327 57.358726
306 328 719.876882
327 328 31.865131
307 329 719.876882
328 329 645.317839
308 330 297.400338
309 331 297.400338
330 331 764.857864
310 332 297.400338
331 332 734.541695
311 333 297.400338
332 333 1495.901775
312 334 297.400338
333 334 734.541695
313 335 297.400338
334 335 97.877419
314 336 297.400338
335 336 165.578876
315 337 297.400338
336 337 112.694029
316 338 297.400338
337 338 111.070902
317 339 297.400338
338 339 345.197888
318 340 297.400338
339 340 278.272905
319 341 297.400338
340 341 111.070902
320 342 297.400338
341 342 185.426545
321 343 297.400338
342 343 253.231866
322 344 297.400338
343 344 481.309829
323 345 297.400338
344 345 253.231866
324 346 297.400338
345 346 510.644813
325 347 297.400338
346 347 734.541695
326 348 297.400338
347 348 1123.347814
327 349 297.400338
348 349 57.358726
328 350 297.400338
349 350 31.865131
329 351 297.400338
350 351 645.317839
330 352 68.578501
331 353 68.578501
352 353 764.857864
332 354 68.578501
353 354 734.541695
333 355 68.578501
354 355 1495.901775
334 356 68.578501
355 356 734.541695
335 357 68.578501
356 357 97.877419
336 358 68.578501
357 358 165.578876
337 359 68.578501
358 359 112.694029
338 360 68.578501
359 360 111.070902
339 361 68.578501
360 361 345.197888
340 362 68.578501
361 362 278.272905
341 363 68.578501
362 363 111.070902
342 364 68.578501
363 364 185.426545
343 365 205.735503
364 365 759.695597
344 366 68.578501
365 366 1443.929488
345 367 68.578501
366 367 253.231866
346 368 68.578501
367 368 510.644813
347 369 68.578501
368 369 734.541695
348 370 68.578501
369 370 1123.347814
349 371 68.578501
370 371 57.358726
350 372 68.578501
371 372 31.865131
351 373 68.578501
372 373 645.317839
352 374 31.298653
353 375 31.298653
374 375 764.857864
354 376 31.298653
375 376 734.541695
355 377 31.298653
376 377 1495.901775
356 378 31.298653
377 378 734.541695
357 379 31.298653
378 379 97.877419
358 380 93.895959
379 380 496.736629
359 381 93.895959
380 381 338.082086
360 382 93.895959
381 382 333.212707
361 383 31.298653
382 383 1035.593663
362 384 31.298653
383 384 278.272905
363 385 31.298653
384 385 111.070902
364 386 31.298653
385 386 185.426545
365 387 93.895959
386 387 759.695597
366 388 31.298653
387 388 1443.929488
367 389 31.298653
388 389 253.231866
368 390 31.298653
389 390 510.644813
369 391 31.298653
390 391 734.541695
370 392 31.298653
391 392 1123.347814
371 393 31.298653
392 393 57.358726
372 394 31.298653
393 394 31.865131
373 395 31.298653
394 395 645.317839
374 396 634.664541
375 397 634.664541
396 397 764.857864
376 398 634.664541
397 398 734.541695
377 399 634.664541
398 399 1495.901775
378 400 634.664541
399 400 734.541695
379 401 634.664541
400 401 97.877419
380 402 1903.993623
401 402 496.736629
381 403 1903.993623
402 403 338.082086
382 404 1903.993623
403 404 333.212707
383 405 634.664541
404 405 1035.593663
384 406 634.664541
405 406 278.272905
385 407 634.664541
406 407 111.070902
386 408 634.664541
407 408 185.426545
387 409 1903.993623
408 409 253.231866
388 410 634.664541
409 410 481.309829
389 411 634.664541
410 411 253.231866
390 412 634.664541
411 412 510.644813
391 413 634.664541
412 413 734.541695
392 414 634.664541
413 414 1123.347814
395 417 634.664541
396 418 68.578501
397 419 68.578501
418 419 764.857864
398 420 68.578501
419 420 734.541695
399 421 68.578501
420 421 1495.901775
400 422 68.578501
421 422 734.541695
401 423 68.578501
422 423 97.877419
402 424 205.735503
423 424 165.578876
403 425 205.735503
424 425 112.694029
404 426 205.735503
425 426 111.070902
405 427 68.578501
426 427 345.197888
406 428 68.578501
427 428 278.272905
407 429 68.578501
428 429 111.070902
408 430 68.578501
429 430 185.426545
409 431 68.578501
430 431 253.231866
410 432 68.578501
431 432 481.309829
411 433 68.578501
432 433 253.231866
412 434 68.578501
433 434 510.644813
413 435 68.578501
434 435 734.541695
414 436 68.578501
435 436 1123.347814
417 439 68.578501
418 440 31.298653
419 441 31.298653
440 441 764.857864
420 442 31.298653
441 442 734.541695
421 443 31.298653
442 443 1495.901775
422 444 31.298653
443 444 734.541695
423 445 31.298653
444 445 97.877419
424 446 31.298653
445 446 165.578876
425 447 31.298653
446 447 112.694029
426 448 31.298653
447 448 111.070902
427 449 31.298653
448 449 345.197888
428 450 31.298653
449 450 278.272905
429 451 31.298653
450 451 111.070902
430 452 31.298653
451 452 185.426545
431 453 31.298653
452 453 253.231866
432 454 31.298653
453 454 481.309829
433 455 31.298653
454 455 253.231866
434 456 31.298653
455 456 510.644813
435 457 31.298653
456 457 734.541695
436 458 31.298653
457 458 1123.347814
458 459 57.358726
459 460 31.865131
439 461 31.298653
460 461 645.317839
440 462 170.560442
441 463 170.560442
462 463 764.857864
442 464 170.560442
463 464 734.541695
443 465 170.560442
464 465 1495.901775
444 466 170.560442
465 466 734.541695
445 467 170.560442
466 467 97.877419
446 468 170.560442
467 468 165.578876
447 469 170.560442
468 469 112.694029
448 470 170.560442
469 470 111.070902
449 471 170.560442
470 471 345.197888
450 472 170.560442
471 472 278.272905
451 473 170.560442
472 473 111.070902
452 474 170.560442
473 474 185.426545
453 475 170.560442
474 475 253.231866
454 476 170.560442
475 476 481.309829
455 477 170.560442
476 477 253.231866
456 478 170.560442
477 478 510.644813
457 479 170.560442
478 479 734.541695
458 480 170.560442
479 480 1123.347814
459 481 170.560442
480 481 57.358726
460 482 170.560442
481 482 31.865131
461 483 170.560442
482 483 645.317839
462 484 220.650375
463 485 220.650375
484 485 764.857864
464 486 220.650375
485 486 734.541695
465 487 220.650375
486 487 1495.901775
466 488 220.650375
487 488 734.541695
467 489 220.650375
488 489 97.877419
468 490 220.650375
489 490 165.578876
469 491 220.650375
490 491 112.694029
470 492 220.650375
491 492 111.070902
471 493 220.650375
492 493 345.197888
472 494 220.650375
493 494 278.272905
473 495 220.650375
494 495 111.070902
474 496 220.650375
495 496 185.426545
475 497 220.650375
496 497 253.231866
476 498 220.650375
497 498 481.309829
477 499 220.650375
498 499 253.231866
478 500 220.650375
499 500 510.644813
479 501 220.650375
480 502 220.650375
501 502 1123.347814
481 503 220.650375
502 503 57.358726
482 504 220.650375
503 504 31.865131
483 505 220.650375
504 505 645.317839
484 506 513.891320
485 507 513.891320
506 507 764.857864
486 508 513.891320
507 508 734.541695
487 509 513.891320
508 509 1495.901775
488 510 513.891320
509 510 734.541695
489 511 513.891320
510 511 97.877419
490 512 513.891320
511 512 165.578876
491 513 513.891320
512 513 112.694029
492 514 513.891320
513 514 111.070902
493 515 513.891320
514 515 345.197888
494 516 513.891320
515 516 278.272905
495 517 513.891320
516 517 111.070902
496 518 513.891320
517 518 185.426545
497 519 513.891320
518 519 253.231866
498 520 513.891320
519 520 481.309829
499 521 513.891320
520 521 253.231866
500 522 513.891320
521 522 510.644813
501 523 513.891320
522 523 734.541695
502 524 513.891320
523 524 1123.347814
503 525 513.891320
524 525 57.358726
504 526 513.891320
525 526 31.865131
505 527 513.891320
526 527 645.317839
528 529 764.857864
529 530 734.541695
530 531 1495.901775
531 532 734.541695
532 533 97.877419
533 534 165.578876
534 535 112.694029
535 536 111.070902
536 537 345.197888
537 538 278.272905
538 539 111.070902
539 540 185.426545
540 541 253.231866
541 542 481.309829
542 543 253.231866
543 544 510.644813
544 545 734.541695
545 546 1123.347814
546 547 57.358726
547 548 31.865131
548 549 645.317839
528 550 959.005183
529 551 959.005183
550 551 764.857864
530 552 959.005183
551 552 734.541695
531 553 959.005183
552 553 1495.901775
532 554 959.005183
553 554 734.541695
533 555 959.005183
554 555 97.877419
534 556 959.005183
555 556 165.578876
535 557 959.005183
556 557 112.694029
536 558 959.005183
557 558 111.070902
537 559 959.005183
558 559 345.197888
538 560 959.005183
559 560 278.272905
539 561 959.005183
560 561 111.070902
540 562 959.005183
561 562 185.426545
541 563 959.005183
562 563 253.231866
542 564 959.005183
563 564 481.309829
543 565 959.005183
564 565 253.231866
544 566 959.005183
565 566 510.644813
545 567 959.005183
566 567 734.541695
546 568 959.005183
567 568 1123.347814
547 569 959.005183
568 569 57.358726
548 570 959.005183
569 570 31.865131
549 571 959.005183
570 571 645.317839
550 572 734.541695
551 573 734.541695
572 573 764.857864
552 574 734.541695
573 574 734.541695
553 575 734.541695
574 575 1495.901775
554 576 734.541695
575 576 734.541695
555 577 734.541695
576 577 97.877419
556 578 734.541695
577 578 165.578876
557 579 734.541695
578 579 112.694029
558 580 734.541695
579 580 111.070902
559 581 734.541695
580 581 345.197888
560 582 734.541695
581 582 278.272905
561 583 734.541695
582 583 111.070902
562 584 734.541695
583 584 185.426545
563 585 734.541695
584 585 253.231866
564 586 734.541695
585 586 481.309829
565 587 734.541695
586 587 253.231866
566 588 734.541695
587 588 510.644813
567 589 734.541695
588 589 734.541695
568 590 734.541695
589 590 1123.347814
569 591 734.541695
590 591 57.358726
570 592 734.541695
591 592 31.865131
571 593 734.541695
592 593 645.317839
572 594 416.262860
573 595 416.262860
594 595 764.857864
574 596 416.262860
595 596 734.541695
575 597 416.262860
596 597 1495.901775
576 598 416.262860
597 598 734.541695
577 599 416.262860
598 599 97.877419
578 600 416.262860
599 600 165.578876
579 601 416.262860
600 601 112.694029
580 602 416.262860
601 602 111.070902
581 603 416.262860
602 603 345.197888
582 604 416.262860
603 604 278.272905
583 605 416.262860
604 605 111.070902
584 606 416.262860
605 606 185.426545
585 607 416.262860
606 607 253.231866
586 608 416.262860
607 608 481.309829
587 609 416.262860
608 609 253.231866
588 610 416.262860
609 610 510.644813
589 611 416.262860
610 611 734.541695
590 612 416.262860
611 612 1123.347814
591 613 416.262860
612 613 57.358726
592 614 416.262860
613 614 31.865131
593 615 416.262860
614 615 645.317839
594 616 46.025089
595 617 46.025089
616 617 764.857864
596 618 46.025089
617 618 734.541695
597 619 46.025089
618 619 1495.901775
598 620 46.025089
619 620 734.541695
599 621 46.025089
620 621 97.877419
600 622 46.025089
621 622 165.578876
601 623 46.025089
622 623 112.694029
602 624 46.025089
623 624 111.070902
603 625 138.075268
624 625 1035.593663
604 626 138.075268
625 626 834.818715
605 627 46.025089
626 627 333.212707
606 628 46.025089
627 628 185.426545
607 629 46.025089
628 629 253.231866
608 630 46.025089
629 630 481.309829
609 631 46.025089
630 631 253.231866
610 632 46.025089
631 632 510.644813
611 633 46.025089
632 633 734.541695
612 634 46.025089
633 634 1123.347814
613 635 46.025089
634 635 57.358726
614 636 46.025089
635 636 31.865131
615 637 46.025089
636 637 645.317839
616 638 688.516606
617 639 688.516606
638 639 764.857864
618 640 688.516606
639 640 734.541695
619 641 688.516606
640 641 1495.901775
620 642 688.516606
641 642 734.541695
621 643 688.516606
642 643 97.877419
622 644 688.516606
643 644 165.578876
623 645 688.516606
644 645 112.694029
624 646 688.516606
645 646 111.070902
625 647 2065.549817
646 647 345.197888
626 648 2065.549817
647 648 278.272905
627 649 688.516606
648 649 111.070902
628 650 688.516606
649 650 185.426545
629 651 688.516606
650 651 253.231866
631 653 688.516606
632 654 688.516606
653 654 510.644813
633 655 688.516606
654 655 734.541695
634 656 688.516606
655 656 1123.347814
635 657 688.516606
656 657 57.358726
636 658 688.516606
657 658 31.865131
637 659 688.516606
658 659 645.317839
638 660 46.025089
639 661 46.025089
660 661 764.857864
640 662 46.025089
661 662 734.541695
641 663 46.025089
662 663 1495.901775
642 664 46.025089
663 664 734.541695
643 665 46.025089
664 665 97.877419
644 666 46.025089
665 666 165.578876
645 667 46.025089
666 667 112.694029
646 668 46.025089
667 668 111.070902
647 669 46.025089
668 669 345.197888
648 670 46.025089
669 670 278.272905
649 671 46.025089
670 671 111.070902
650 672 46.025089
671 672 185.426545
651 673 46.025089
672 673 253.231866
673 674 481.309829
653 675 46.025089
674 675 253.231866
654 676 46.025089
675 676 510.644813
655 677 46.025089
676 677 734.541695
656 678 46.025089
677 678 1123.347814
657 679 46.025089
678 679 57.358726
658 680 46.025089
679 680 31.865131
659 681 46.025089
680 681 645.317839
660 682 714.405495
661 683 714.405495
682 683 764.857864
662 684 714.405495
683 684 734.541695
663 685 714.405495
684 685 1495.901775
664 686 714.405495
685 686 734.541695
665 687 714.405495
686 687 97.877419
666 688 714.405495
687 688 165.578876
667 689 714.405495
688 689 112.694029
668 690 714.405495
689 690 111.070902
669 691 714.405495
690 691 345.197888
670 692 714.405495
691 692 278.272905
671 693 714.405495
692 693 111.070902
672 694 714.405495
693 694 185.426545
673 695 714.405495
694 695 253.231866
674 696 714.405495
695 696 481.309829
675 697 714.405495
696 697 253.231866
676 698 714.405495
697 698 510.644813
677 699 714.405495
698 699 734.541695
678 700 714.405495
699 700 1123.347814
679 701 714.405495
700 701 57.358726
680 702 714.405495
701 702 31.865131
681 703 714.405495
702 703 645.317839
682 704 57.924960
683 705 57.924960
704 705 764.857864
684 706 57.924960
705 706 734.541695
685 707 57.924960
706 707 1495.901775
686 708 57.924960
707 708 734.541695
687 709 57.924960
708 709 97.877419
688 710 57.924960
709 710 165.578876
689 711 57.924960
710 711 112.694029
690 712 57.924960
711 712 111.070902
691 713 57.924960
712 713 345.197888
692 714 57.924960
713 714 278.272905
693 715 57.924960
714 715 111.070902
694 716 57.924960
715 716 185.426545
695 717 57.924960
716 717 253.231866
696 718 57.924960
717 718 481.309829
697 719 57.924960
718 719 253.231866
698 720 57.924960
719 720 510.644813
699 721 57.924960
720 721 734.541695
700 722 57.924960
721 722 1123.347814
701 723 57.924960
722 723 57.358726
702 724 57.924960
723 724 31.865131
703 725 57.924960
724 725 645.317839
704 726 640.118786
705 727 640.118786
726 727 764.857864
706 728 640.118786
727 728 2203.625085
707 729 640.118786
728 729 1495.901775
708 730 640.118786
729 730 734.541695
709 731 640.118786
730 731 97.877419
710 732 640.118786
731 732 165.578876
711 733 640.118786
732 733 112.694029
712 734 640.118786
733 734 111.070902
713 735 640.118786
734 735 345.197888
714 736 640.118786
735 736 278.272905
715 737 640.118786
736 737 111.070902
716 738 640.118786
737 738 185.426545
717 739 640.118786
738 739 253.231866
718 740 640.118786
739 740 481.309829
719 741 640.118786
740 741 253.231866
720 742 640.118786
741 742 510.644813
721 743 640.118786
742 743 734.541695
722 744 640.118786
743 744 1123.347814
723 745 640.118786
744 745 57.358726
724 746 640.118786
745 746 31.865131
725 747 640.118786
746 747 645.317839
726 748 65.142606
727 749 65.142606
748 749 764.857864
728 750 65.142606
749 750 2203.625085
729 751 65.142606
750 751 1495.901775
730 752 65.142606
751 752 734.541695
731 753 65.142606
752 753 97.877419
732 754 65.142606
753 754 165.578876
733 755 65.142606
754 755 112.694029
734 756 65.142606
755 756 111.070902
735 757 65.142606
756 757 345.197888
736 758 65.142606
757 758 278.272905
737 759 65.142606
758 759 111.070902
738 760 65.142606
759 760 185.426545
739 761 65.142606
760 761 253.231866
742 764 65.142606
743 765 65.142606
764 765 734.541695
744 766 65.142606
765 766 1123.347814
745 767 65.142606
766 767 57.358726
746 768 65.142606
767 768 31.865131
747 769 65.142606
768 769 645.317839
748 770 29.280303
749 771 29.280303
770 771 764.857864
750 772 29.280303
771 772 734.541695
751 773 29.280303
772 773 1495.901775
752 774 29.280303
773 774 734.541695
753 775 29.280303
774 775 97.877419
754 776 29.280303
775 776 165.578876
755 777 29.280303
776 777 112.694029
758 780 29.280303
759 781 29.280303
780 781 111.070902
760 782 29.280303
781 782 185.426545
761 783 29.280303
782 783 253.231866
764 786 29.280303
765 787 29.280303
786 787 734.541695
766 788 29.280303
787 788 1123.347814
767 789 29.280303
788 789 57.358726
768 790 29.280303
789 790 31.865131
769 791 29.280303
790 791 645.317839
770 792 640.118786
771 793 640.118786
792 793 764.857864
772 794 640.118786
793 794 734.541695
773 795 640.118786
794 795 1495.901775
774 796 640.118786
795 796 734.541695
775 797 640.118786
796 797 97.877419
776 798 640.118786
797 798 165.578876
777 799 640.118786
798 799 112.694029
780 802 640.118786
781 803 640.118786
802 803 111.070902
782 804 640.118786
803 804 185.426545
783 805 640.118786
804 805 253.231866
805 806 481.309829
806 807 253.231866
786 808 640.118786
807 808 510.644813
787 809 640.118786
808 809 734.541695
788 810 640.118786
809 810 1123.347814
789 811 640.118786
810 811 57.358726
790 812 640.118786
811 812 31.865131
791 813 640.118786
812 813 645.317839
792 814 65.142606
793 815 65.142606
814 815 764.857864
794 816 65.142606
815 816 734.541695
795 817 65.142606
816 817 1495.901775
796 818 65.142606
817 818 734.541695
797 819 65.142606
818 819 97.877419
798 820 65.142606
819 820 165.578876
799 821 65.142606
820 821 112.694029
821 822 111.070902
822 823 345.197888
802 824 65.142606
823 824 278.272905
803 825 65.142606
824 825 111.070902
804 826 65.142606
825 826 185.426545
805 827 65.142606
826 827 253.231866
806 828 65.142606
827 828 481.309829
807 829 65.142606
828 829 253.231866
808 830 65.142606
829 830 510.644813
809 831 65.142606
830 831 734.541695
810 832 65.142606
831 832 1123.347814
811 833 65.142606
832 833 57.358726
812 834 65.142606
833 834 31.865131
813 835 65.142606
834 835 645.317839
814 836 719.876882
815 837 719.876882
836 837 764.857864
816 838 719.876882
837 838 734.541695
817 839 719.876882
838 839 1495.901775
818 840 719.876882
839 840 734.541695
819 841 719.876882
840 841 97.877419
820 842 719.876882
841 842 165.578876
821 843 719.876882
842 843 112.694029
822 844 719.876882
843 844 111.070902
823 845 719.876882
844 845 345.197888
824 846 719.876882
845 846 278.272905
825 847 719.876882
846 847 111.070902
826 848 719.876882
847 848 185.426545
827 849 719.876882
848 849 253.231866
828 850 719.876882
849 850 481.309829
829 851 719.876882
850 851 253.231866
830 852 719.876882
851 852 510.644813
831 853 719.876882
852 853 734.541695
832 854 719.876882
853 854 1123.347814
833 855 719.876882
854 855 57.358726
834 856 719.876882
855 856 31.865131
835 857 719.876882
856 857 645.317839
836 858 297.400338
837 859 297.400338
858 859 764.857864
838 860 297.400338
859 860 734.541695
839 861 297.400338
860 861 1495.901775
840 862 297.400338
861 862 734.541695
841 863 297.400338
862 863 97.877419
842 864 297.400338
863 864 165.578876
843 865 297.400338
864 865 112.694029
844 866 297.400338
865 866 111.070902
845 867 297.400338
866 867 345.197888
846 868 297.400338
867 868 278.272905
847 869 297.400338
868 869 111.070902
848 870 297.400338
869 870 185.426545
849 871 297.400338
870 871 253.231866
850 872 297.400338
871 872 481.309829
851 873 297.400338
872 873 253.231866
852 874 297.400338
873 874 510.644813
853 875 297.400338
874 875 734.541695
854 876 297.400338
875 876 1123.347814
855 877 297.400338
876 877 57.358726
856 878 297.400338
877 878 31.865131
857 879 297.400338
878 879 645.317839
858 880 68.578501
859 881 68.578501
880 881 764.857864
860 882 68.578501
881 882 734.541695
861 883 68.578501
882 883 1495.901775
862 884 68.578501
883 884 734.541695
863 885 68.578501
884 885 97.877419
864 886 68.578501
885 886 165.578876
865 887 68.578501
886 887 112.694029
866 888 68.578501
887 888 111.070902
867 889 68.578501
888 889 345.197888
868 890 68.578501
889 890 278.272905
869 891 68.578501
890 891 111.070902
870 892 68.578501
891 892 185.426545
871 893 205.735503
892 893 759.695597
872 894 68.578501
893 894 1443.929488
873 895 68.578501
894 895 253.231866
874 896 68.578501
895 896 510.644813
875 897 68.578501
896 897 734.541695
876 898 68.578501
897 898 1123.347814
877 899 68.578501
898 899 57.358726
878 900 68.578501
899 900 31.865131
879 901 68.578501
900 901 645.317839
880 902 31.298653
881 903 31.298653
902 903 764.857864
882 904 31.298653
903 904 734.541695
883 905 31.298653
904 905 1495.901775
884 906 31.298653
905 906 734.541695
885 907 31.298653
906 907 97.877419
886 908 93.895959
907 908 496.736629
887 909 93.895959
908 909 338.082086
888 910 93.895959
909 910 333.212707
889 911 31.298653
910 911 1035.593663
890 912 31.298653
911 912 278.272905
891 913 31.298653
912 913 111.070902
892 914 31.298653
913 914 185.426545
893 915 93.895959
914 915 759.695597
894 916 31.298653
915 916 1443.929488
895 917 31.298653
916 917 253.231866
896 918 31.298653
917 918 510.644813
897 919 31.298653
918 919 734.541695
898 920 31.298653
919 920 1123.347814
899 921 31.298653
920 921 57.358726
900 922 31.298653
921 922 31.865131
901 923 31.298653
922 923 645.317839
902 924 634.664541
903 925 634.664541
924 925 764.857864
904 926 634.664541
925 926 734.541695
905 927 634.664541
926 927 1495.901775
906 928 634.664541
927 928 734.541695
907 929 634.664541
928 929 97.877419
908 930 1903.993623
929 930 496.736629
909 931 1903.993623
930 931 338.082086
910 932 1903.993623
931 932 333.212707
911 933 634.664541
932 933 1035.593663
912 934 634.664541
933 934 278.272905
913 935 634.664541
934 935 111.070902
914 936 634.664541
935 936 185.426545
915 937 1903.993623
936 937 253.231866
916 938 634.664541
937 938 481.309829
917 939 634.664541
938 939 253.231866
918 940 634.664541
939 940 510.644813
919 941 634.664541
940 941 734.541695
920 942 634.664541
941 942 1123.347814
923 945 634.664541
924 946 68.578501
925 947 68.578501
946 947 764.857864
926 948 68.578501
947 948 734.541695
927 949 68.578501
948 949 1495.901775
928 950 68.578501
949 950 734.541695
929 951 68.578501
950 951 97.877419
930 952 205.735503
951 952 165.578876
931 953 205.735503
952 953 112.694029
932 954 205.735503
953 954 111.070902
933 955 68.578501
954 955 345.197888
934 956 68.578501
955 956 278.272905
935 957 68.578501
956 957 111.070902
936 958 68.578501
957 958 185.426545
937 959 68.578501
958 959 253.231866
938 960 68.578501
959 960 481.309829
939 961 68.578501
960 961 253.231866
940 962 68.578501
961 962 510.644813
941 963 68.578501
962 963 734.541695
942 964 68.578501
963 964 1123.347814
945 967 68.578501
946 968 31.298653
947 969 31.298653
968 969 764.857864
948 970 31.298653
969 970 734.541695
949 971 31.298653
970 971 1495.901775
950 972 31.298653
971 972 734.541695
951 973 31.298653
972 973 97.877419
952 974 31.298653
973 974 165.578876
953 975 31.298653
974 975 112.694029
954 976 31.298653
975 976 111.070902
955 977 31.298653
976 977 345.197888
956 978 31.298653
977 978 278.272905
957 979 31.298653
978 979 111.070902
958 980 31.298653
979 980 185.426545
959 981 31.298653
980 981 253.231866
960 982 31.298653
981 982 481.309829
961 983 31.298653
982 983 253.231866
962 984 31.298653
983 984 510.644813
963 985 31.298653
984 985 734.541695
964 986 31.298653
985 986 1123.347814
986 987 57.358726
987 988 31.865131
967 989 31.298653
988 989 645.317839
968 990 170.560442
969 991 170.560442
990 991 764.857864
970 992 170.560442
991 992 734.541695
971 993 170.560442
992 993 1495.901775
972 994 170.560442
993 994 734.541695
973 995 170.560442
994 995 97.877419
974 996 170.560442
995 996 165.578876
975 997 170.560442
996 997 112.694029
976 998 170.560442
997 998 111.070902
977 999 170.560442
998 999 345.197888
978 1000 170.560442
999 1000 278.272905
979 1001 170.560442
1000 1001 111.070902
980 1002 170.560442
1001 1002 185.426545
981 1003 170.560442
1002 1003 253.231866
982 1004 170.560442
1003 1004 481.309829
983 1005 170.560442
1004 1005 253.231866
984 1006 170.560442
1005 1006 510.644813
985 1007 170.560442
1006 1007 734.541695
986 1008 170.560442
1007 1008 1123.347814
987 1009 170.560442
1008 1009 57.358726
988 1010 170.560442
1009 1010 31.865131
989 1011 170.560442
1010 1011 645.317839
990 1012 220.650375
991 1013 220.650375
1012 1013 764.857864
992 1014 220.650375
1013 1014 734.541695
993 1015 220.650375
1014 1015 1495.901775
994 1016 220.650375
1015 1016 734.541695
995 1017 220.650375
1016 1017 97.877419
996 1018 220.650375
1017 1018 165.578876
997 1019 220.650375
1018 1019 112.694029
998 1020 220.650375
1019 1020 111.070902
999 1021 220.650375
1020 1021 345.197888
1000 1022 220.650375
1021 1022 278.272905
1001 1023 220.650375
1022 1023 111.070902
1002 1024 220.650375
1023 1024 185.426545
1003 1025 220.650375
1024 1025 253.231866
1004 1026 220.650375
1025 1026 481.309829
1005 1027 220.650375
1026 1027 253.231866
1006 1028 220.650375
1027 1028 510.644813
1007 1029 220.650375
1008 1030 220.650375
1029 1030 1123.347814
1009 1031 220.650375
1030 1031 57.358726
1010 1032 220.650375
1031 1032 31.865131
1011 1033 220.650375
1032 1033 645.317839
1012 1034 513.891320
1013 1035 513.891320
1034 1035 764.857864
1014 1036 513.891320
1035 1036 734.541695
1015 1037 513.891320
1036 1037 1495.901775
1016 1038 513.891320
1037 1038 734.541695
1017 1039 513.891320
1038 1039 97.877419
1018 1040 513.891320
1039 1040 165.578876
1019 1041 513.891320
1040 1041 112.694029
1020 1042 513.891320
1041 1042 111.070902
1021 1043 513.891320
1042 1043 345.197888
1022 1044 513.891320
1043 1044 278.272905
1023 1045 513.891320
1044 1045 111.070902
1024 1046 513.891320
1045 1046 185.426545
1025 1047 513.891320
1046 1047 253.231866
1026 1048 513.891320
1047 1048 481.309829
1027 1049 513.891320
1048 1049 253.231866
1028 1050 513.891320
1049 1050 510.644813
1029 1051 513.891320
1050 1051 734.541695
1030 1052 513.891320
1051 1052 1123.347814
1031 1053 513.891320
1052 1053 57.358726
1032 1054 513.891320
1053 1054 31.865131
1033 1055 513.891320
1054 1055 645.317839
0 528 200.000000
1 529 200.000000
2 530 200.000000
3 531 200.000000
4 532 200.000000
5 533 200.000000
6 534 200.000000
7 535 200.000000
8 536 200.000000
9 537 200.000000
10 538 200.000000
11 539 200.000000
12 540 200.000000
13 541 200.000000
14 542 200.000000
15 543 200.000000
16 544 200.000000
17 545 200.000000
18 546 200.000000
19 547 200.000000
20 548 200.000000
21 549 200.000000
22 550 200.000000
23 551 200.000000
24 552 200.000000
25 553 200.000000
26 554 200.000000
27 555 200.000000
28 556 200.000000
29 557 200.000000
30 558 200.000000
31 559 200.000000
32 560 200.000000
33 561 200.000000
34 562 200.000000
35 563 200.000000
36 564 200.000000
37 565 200.000000
38 566 200.000000
39 567 200.000000
40 568 200.000000
41 569 200.000000
42 570 200.000000
43 571 200.000000
44 572 200.000000
45 573 200.000000
46 574 200.000000
47 575 200.000000
48 576 200.000000
49 577 200.000000
50 578 200.000000
51 579 200.000000
52 580 200.000000
53 581 200.000000
54 582 200.000000
55 583 200.000000
56 584 200.000000
57 585 200.000000
58 586 200.000000
59 587 200.000000
60 588 200.000000
61 589 200.000000
62 590 200.000000
63 591 200.000000
64 592 200.000000
65 593 200.000000
66 594 200.000000
67 595 200.000000
68 596 200.000000
69 597 200.000000
70 598 200.000000
71 599 200.000000
72 600 200.000000
73 601 200.000000
74 602 200.000000
75 603 200.000000
76 604 200.000000
77 605 200.000000
78 606 200.000000
79 607 200.000000
80 608 200.000000
81 609 200.000000
82 610 200.000000
83 611 200.000000
84 612 200.000000
85 613 200.000000
86 614 200.000000
87 615 200.000000
88 616 200.000000
89 617 200.000000
90 618 200.000000
91 619 200.000000
92 620 200.000000
93 621 200.000000
94 622 200.000000
95 623 200.000000
96 624 200.000000
97 625 600.000000
98 626 600.000000
99 627 200.000000
100 628 200.000000
101 629 200.000000
102 630 200.000000
103 631 200.000000
104 632 200.000000
105 633 200.000000
106 634 200.000000
107 635 200.000000
108 636 200.000000
109 637 200.000000
110 638 200.000000
111 639 200.000000
112 640 200.000000
113 641 200.000000
114 642 200.000000
115 643 200.000000
116 644 200.000000
117 645 200.000000
118 646 200.000000
119 647 200.000000
120 648 200.000000
121 649 200.000000
122 650 200.000000
123 651 200.000000
125 653 200.000000
126 654 200.000000
127 655 200.000000
128 656 200.000000
129 657 200.000000
130 658 200.000000
131 659 200.000000
132 660 200.000000
133 661 200.000000
134 662 200.000000
135 663 200.000000
136 664 200.000000
137 665 200.000000
138 666 200.000000
139 667 200.000000
140 668 200.000000
141 669 200.000000
142 670 200.000000
143 671 200.000000
144 672 200.000000
145 673 200.000000
146 674 200.000000
147 675 200.000000
148 676 200.000000
149 677 200.000000
150 678 200.000000
151 679 200.000000
152 680 200.000000
153 681 200.000000
154 682 200.000000
155 683 200.000000
156 684 200.000000
157 685 200.000000
158 686 200.000000
159 687 200.000000
160 688 200.000000
161 689 200.000000
162 690 200.000000
163 691 200.000000
164 692 200.000000
165 693 200.000000
166 694 200.000000
167 695 200.000000
168 696 200.000000
169 697 200.000000
170 698 200.000000
171 699 200.000000
172 700 200.000000
173 701 200.000000
174 702 200.000000
175 703 200.000000
176 704 200.000000
177 705 200.000000
178 706 200.000000
179 707 200.000000
180 708 200.000000
181 709 200.000000
182 710 200.000000
183 711 200.000000
184 712 200.000000
185 713 200.000000
186 714 200.000000
187 715 200.000000
188 716 200.000000
189 717 200.000000
190 718 200.000000
191 719 200.000000
192 720 200.000000
193 721 200.000000
194 722 200.000000
195 723 200.000000
196 724 200.000000
197 725 200.000000
198 726 200.000000
199 727 200.000000
200 728 200.000000
201 729 200.000000
202 730 200.000000
203 731 200.000000
204 732 200.000000
205 733 200.000000
206 734 200.000000
207 735 200.000000
208 736 200.000000
209 737 200.000000
210 738 200.000000
211 739 200.000000
212 740 200.000000
213 741 200.000000
214 742 200.000000
215 743 200.000000
216 744 200.000000
217 745 200.000000
218 746 200.000000
219 747 200.000000
220 748 200.000000
221 749 200.000000
222 750 200.000000
223 751 200.000000
224 752 200.000000
225 753 200.000000
226 754 200.000000
227 755 200.000000
228 756 200.000000
229 757 200.000000
230 758 200.000000
231 759 200.000000
232 760 200.000000
233 761 200.000000
236 764 200.000000
237 765 200.000000
238 766 200.000000
239 767 200.000000
240 768 200.000000
241 769 200.000000
242 770 200.000000
243 771 200.000000
244 772 200.000000
245 773 200.000000
246 774 200.000000
247 775 200.000000
248 776 200.000000
249 777 200.000000
252 780 200.000000
253 781 200.000000
254 782 200.000000
255 783 200.000000
258 786 200.000000
259 787 200.000000
260 788 200.000000
261 789 200.000000
262 790 200.000000
263 791 200.000000
264 792 200.000000
265 793 200.000000
266 794 200.000000
267 795 200.000000
268 796 200.000000
269 797 200.000000
270 798 200.000000
271 799 200.000000
274 802 200.000000
275 803 200.000000
276 804 200.000000
277 805 200.000000
278 806 200.000000
279 807 200.000000
280 808 200.000000
281 809 200.000000
282 810 200.000000
283 811 200.000000
284 812 200.000000
285 813 200.000000
286 814 200.000000
287 815 200.000000
288 816 200.000000
289 817 200.000000
290 818 200.000000
291 819 200.000000
292 820 200.000000
293 821 200.000000
294 822 200.000000
295 823 200.000000
296 824 200.000000
297 825 200.000000
298 826 200.000000
299 827 200.000000
300 828 200.000000
301 829 200.000000
302 830 200.000000
303 831 200.000000
304 832 200.000000
305 833 200.000000
306 834 200.000000
307 835 200.000000
308 836 200.000000
309 837 200.000000
310 838 200.000000
311 839 200.000000
312 840 200.000000
313 841 200.000000
314 842 200.000000
315 843 200.000000
316 844 200.000000
317 845 200.000000
318 846 200.000000
319 847 200.000000
320 848 200.000000
321 849 200.000000
322 850 200.000000
323 851 200.000000
324 852 200.000000
325 853 200.000000
326 854 200.000000
327 855 200.000000
328 856 200.000000
329 857 200.000000
330 858 200.000000
331 859 200.000000
332 860 200.000000
333 861 200.000000
334 862 200.000000
335 863 200.000000
336 864 200.000000
337 865 200.000000
338 866 200.000000
339 867 200.000000
340 868 200.000000
341 869 200.000000
342 870 200.000000
343 871 200.000000
344 872 200.000000
345 873 200.000000
346 874 200.000000
347 875 200.000000
348 876 200.000000
349 877 200.000000
350 878 200.000000
351 879 200.000000
352 880 200.000000
353 881 200.000000
354 882 200.000000
355 883 200.000000
356 884 200.000000
357 885 200.000000
358 886 200.000000
359 887 200.000000
360 888 200.000000
361 889 200.000000
362 890 200.000000
363 891 200.000000
364 892 200.000000
365 893 600.000000
366 894 200.000000
367 895 200.000000
368 896 200.000000
369 897 200.000000
370 898 200.000000
371 899 200.000000
372 900 200.000000
373 901 200.000000
374 902 200.000000
375 903 200.000000
376 904 200.000000
377 905 200.000000
378 906 200.000000
379 907 200.000000
380 908 600.000000
381 909 600.000000
382 910 600.000000
383 911 200.000000
384 912 200.000000
385 913 200.000000
386 914 200.000000
387 915 600.000000
388 916 200.000000
389 917 200.000000
390 918 200.000000
391 919 200.000000
392 920 200.000000
393 921 200.000000
394 922 200.000000
395 923 200.000000
396 924 200.000000
397 925 200.000000
398 926 200.000000
399 927 200.000000
400 928 200.000000
401 929 200.000000
402 930 600.000000
403 931 600.000000
404 932 600.000000
405 933 200.000000
406 934 200.000000
407 935 200.000000
408 936 200.000000
409 937 200.000000
410 938 200.000000
411 939 200.000000
412 940 200.000000
413 941 200.000000
414 942 200.000000
417 945 200.000000
418 946 200.000000
419 947 200.000000
420 948 200.000000
421 949 200.000000
422 950 200.000000
423 951 200.000000
424 952 200.000000
425 953 200.000000
426 954 200.000000
427 955 200.000000
428 956 200.000000
429 957 200.000000
430 958 200.000000
431 959 200.000000
432 960 200.000000
433 961 200.000000
434 962 200.000000
435 963 200.000000
436 964 200.000000
439 967 200.000000
440 968 200.000000
441 969 200.000000
442 970 200.000000
443 971 200.000000
444 972 200.000000
445 973 200.000000
446 974 200.000000
447 975 200.000000
448 976 200.000000
449 977 200.000000
450 978 200.000000
451 979 200.000000
452 980 200.000000
453 981 200.000000
454 982 200.000000
455 983 200.000000
456 984 200.000000
457 985 200.000000
458 986 200.000000
459 987 200.000000
460 988 200.000000
461 989 200.000000
462 990 200.000000
463 991 200.000000
464 992 200.000000
465 993 200.000000
466 994 200.000000
467 995 200.000000
468 996 200.000000
469 997 200.000000
470 998 200.000000
471 999 200.000000
472 1000 200.000000
473 1001 200.000000
474 1002 200.000000
475 1003 200.000000
476 1004 200.000000
477 1005 200.000000
478 1006 200.000000
479 1007 200.000000
480 1008 200.000000
481 1009 200.000000
482 1010 200.000000
483 1011 200.000000
484 1012 200.000000
485 1013 200.000000
486 1014 200.000000
487 1015 200.000000
488 1016 200.000000
489 1017 200.000000
490 1018 200.000000
491 1019 200.000000
492 1020 200.000000
493 1021 200.000000
494 1022 200.000000
495 1023 200.000000
496 1024 200.000000
497 1025 200.000000
498 1026 200.000000
499 1027 200.000000
500 1028 200.000000
501 1029 200.000000
502 1030 200.000000
503 1031 200.000000
504 1032 200.000000
505 1033 200.000000
506 1034 200.000000
507 1035 200.000000
508 1036 200.000000
509 1037 200.000000
510 1038 200.000000
511 1039 200.000000
512 1040 200.000000
513 1041 200.000000
514 1042 200.000000
515 1043 200.000000
516 1044 200.000000
517 1045 200.000000
518 1046 200.000000
519 1047 200.000000
520 1048 200.000000
521 1049 200.000000
522 1050 200.000000
523 1051 200.000000
524 1052 200.000000
525 1053 200.000000
526 1054 200.000000
527 1055 200.000000
