2269.183411 313.220002 0.000000
2269.183411 1078.077866 0.000000
2269.183411 1812.619561 0.000000
2269.183411 3308.521336 0.000000
2269.183411 4043.063031 0.000000
2269.183411 4140.940450 0.000000
2269.183411 4306.519327 0.000000
2269.183411 4419.213355 0.000000
2269.183411 4530.284258 0.000000
2269.183411 4875.482145 0.000000
2269.183411 5153.755050 0.000000
2269.183411 5264.825953 0.000000
2269.183411 5450.252498 0.000000
2269.183411 5703.484363 0.000000
2269.183411 6184.794193 0.000000
2269.183411 6438.026058 0.000000
2269.183411 6948.670871 0.000000
2269.183411 7683.212566 0.000000
2269.183411 8806.560380 0.000000
2269.183411 8863.919106 0.000000
2269.183411 8895.784236 0.000000
2269.183411 9541.102075 0.000000
3228.188594 313.220002 0.000000
3228.188594 1078.077866 0.000000
3228.188594 1812.619561 0.000000
3228.188594 3308.521336 0.000000
3228.188594 4043.063031 0.000000
3228.188594 4140.940450 0.000000
3228.188594 4306.519327 0.000000
3228.188594 4419.213355 0.000000
3228.188594 4530.284258 0.000000
3228.188594 4875.482145 0.000000
3228.188594 5153.755050 0.000000
3228.188594 5264.825953 0.000000
3228.188594 5450.252498 0.000000
3228.188594 5703.484363 0.000000
3228.188594 6184.794193 0.000000
3228.188594 6438.026058 0.000000
3228.188594 6948.670871 0.000000
3228.188594 7683.212566 0.000000
3228.188594 8806.560380 0.000000
3228.188594 8863.919106 0.000000
3228.188594 8895.784236 0.000000
3228.188594 9541.102075 0.000000
3962.730289 313.220002 0.000000
3962.730289 1078.077866 0.000000
3962.730289 1812.619561 0.000000
3962.730289 3308.521336 0.000000
3962.730289 4043.063031 0.000000
3962.730289 4140.940450 0.000000
3962.730289 4306.519327 0.000000
3962.730289 4419.213355 0.000000
3962.730289 4530.284258 0.000000
3962.730289 4875.482145 0.000000
3962.730289 5153.755050 0.000000
3962.730289 5264.825953 0.000000
3962.730289 5450.252498 0.000000
3962.730289 5703.484363 0.000000
3962.730289 6184.794193 0.000000
3962.730289 6438.026058 0.000000
3962.730289 6948.670871 0.000000
3962.730289 7683.212566 0.000000
3962.730289 8806.560380 0.000000
3962.730289 8863.919106 0.000000
3962.730289 8895.784236 0.000000
3962.730289 9541.102075 0.000000
4378.993148 313.220002 0.000000
4378.993148 1078.077866 0.000000
4378.993148 1812.619561 0.000000
4378.993148 3308.521336 0.000000
4378.993148 4043.063031 0.000000
4378.993148 4140.940450 0.000000
4378.993148 4306.519327 0.000000
4378.993148 4419.213355 0.000000
4378.993148 4530.284258 0.000000
4378.993148 4875.482145 0.000000
4378.993148 5153.755050 0.000000
4378.993148 5264.825953 0.000000
4378.993148 5450.252498 0.000000
4378.993148 5703.484363 0.000000
4378.993148 6184.794193 0.000000
4378.993148 6438.026058 0.000000
4378.993148 6948.670871 0.000000
4378.993148 7683.212566 0.000000
4378.993148 8806.560380 0.000000
4378.993148 8863.919106 0.000000
4378.993148 8895.784236 0.000000
4378.993148 9541.102075 0.000000
4425.018237 313.220002 0.000000
4425.018237 1078.077866 0.000000
4425.018237 1812.619561 0.000000
4425.018237 3308.521336 0.000000
4425.018237 4043.063031 0.000000
4425.018237 4140.940450 0.000000
4425.018237 4306.519327 0.000000
4425.018237 4419.213355 0.000000
4425.018237 4530.284258 0.000000
4425.018237 4875.482145 0.000000
4425.018237 5153.755050 0.000000
4425.018237 5264.825953 0.000000
4425.018237 5450.252498 0.000000
4425.018237 5703.484363 0.000000
4425.018237 6184.794193 0.000000
4425.018237 6438.026058 0.000000
4425.018237 6948.670871 0.000000
4425.018237 7683.212566 0.000000
4425.018237 8806.560380 0.000000
4425.018237 8863.919106 0.000000
4425.018237 8895.784236 0.000000
4425.018237 9541.102075 0.000000
5113.534843 313.220002 0.000000
5113.534843 1078.077866 0.000000
5113.534843 1812.619561 0.000000
5113.534843 3308.521336 0.000000
5113.534843 4043.063031 0.000000
5113.534843 4140.940450 0.000000
5113.534843 4306.519327 0.000000
5113.534843 4419.213355 0.000000
5113.534843 4530.284258 0.000000
5113.534843 4875.482145 0.000000
5113.534843 5153.755050 0.000000
5113.534843 5264.825953 0.000000
5113.534843 5450.252498 0.000000
5113.534843 5703.484363 0.000000
5113.534843 6184.794193 0.000000
5113.534843 6438.026058 0.000000
5113.534843 6948.670871 0.000000
5113.534843 7683.212566 0.000000
5113.534843 8806.560380 0.000000
5113.534843 8863.919106 0.000000
5113.534843 8895.784236 0.000000
5113.534843 9541.102075 0.000000
5159.559932 313.220002 0.000000
5159.559932 1078.077866 0.000000
5159.559932 1812.619561 0.000000
5159.559932 3308.521336 0.000000
5159.559932 4043.063031 0.000000
5159.559932 4140.940450 0.000000
5159.559932 4306.519327 0.000000
5159.559932 4419.213355 0.000000
5159.559932 4530.284258 0.000000
5159.559932 4875.482145 0.000000
5159.559932 5153.755050 0.000000
5159.559932 5264.825953 0.000000
5159.559932 5450.252498 0.000000
5159.559932 5703.484363 0.000000
5159.559932 6184.794193 0.000000
5159.559932 6438.026058 0.000000
5159.559932 6948.670871 0.000000
5159.559932 7683.212566 0.000000
5159.559932 8806.560380 0.000000
5159.559932 8863.919106 0.000000
5159.559932 8895.784236 0.000000
5159.559932 9541.102075 0.000000
5873.965427 313.220002 0.000000
5873.965427 1078.077866 0.000000
5873.965427 1812.619561 0.000000
5873.965427 3308.521336 0.000000
5873.965427 4043.063031 0.000000
5873.965427 4140.940450 0.000000
5873.965427 4306.519327 0.000000
5873.965427 4419.213355 0.000000
5873.965427 4530.284258 0.000000
5873.965427 4875.482145 0.000000
5873.965427 5153.755050 0.000000
5873.965427 5264.825953 0.000000
5873.965427 5450.252498 0.000000
5873.965427 5703.484363 0.000000
5873.965427 6184.794193 0.000000
5873.965427 6438.026058 0.000000
5873.965427 6948.670871 0.000000
5873.965427 7683.212566 0.000000
5873.965427 8806.560380 0.000000
5873.965427 8863.919106 0.000000
5873.965427 8895.784236 0.000000
5873.965427 9541.102075 0.000000
5931.890387 313.220002 0.000000
5931.890387 1078.077866 0.000000
5931.890387 1812.619561 0.000000
5931.890387 3308.521336 0.000000
5931.890387 4043.063031 0.000000
5931.890387 4140.940450 0.000000
5931.890387 4306.519327 0.000000
5931.890387 4419.213355 0.000000
5931.890387 4530.284258 0.000000
5931.890387 4875.482145 0.000000
5931.890387 5153.755050 0.000000
5931.890387 5264.825953 0.000000
5931.890387 5450.252498 0.000000
5931.890387 5703.484363 0.000000
5931.890387 6184.794193 0.000000
5931.890387 6438.026058 0.000000
5931.890387 6948.670871 0.000000
5931.890387 7683.212566 0.000000
5931.890387 8806.560380 0.000000
5931.890387 8863.919106 0.000000
5931.890387 8895.784236 0.000000
5931.890387 9541.102075 0.000000
6572.009173 313.220002 0.000000
6572.009173 1078.077866 0.000000
6572.009173 1812.619561 0.000000
6572.009173 3308.521336 0.000000
6572.009173 4043.063031 0.000000
6572.009173 4140.940450 0.000000
6572.009173 4306.519327 0.000000
6572.009173 4419.213355 0.000000
6572.009173 4530.284258 0.000000
6572.009173 4875.482145 0.000000
6572.009173 5153.755050 0.000000
6572.009173 5264.825953 0.000000
6572.009173 5450.252498 0.000000
6572.009173 5703.484363 0.000000
6572.009173 6184.794193 0.000000
6572.009173 6438.026058 0.000000
6572.009173 6948.670871 0.000000
6572.009173 7683.212566 0.000000
6572.009173 8806.560380 0.000000
6572.009173 8863.919106 0.000000
6572.009173 8895.784236 0.000000
6572.009173 9541.102075 0.000000
6637.151780 313.220002 0.000000
6637.151780 1078.077866 0.000000
6637.151780 1812.619561 0.000000
6637.151780 3308.521336 0.000000
6637.151780 4043.063031 0.000000
6637.151780 4140.940450 0.000000
6637.151780 4306.519327 0.000000
6637.151780 4419.213355 0.000000
6637.151780 4530.284258 0.000000
6637.151780 4875.482145 0.000000
6637.151780 5153.755050 0.000000
6637.151780 5264.825953 0.000000
6637.151780 5450.252498 0.000000
6637.151780 5703.484363 0.000000
6637.151780 6184.794193 0.000000
6637.151780 6438.026058 0.000000
6637.151780 6948.670871 0.000000
6637.151780 7683.212566 0.000000
6637.151780 8806.560380 0.000000
6637.151780 8863.919106 0.000000
6637.151780 8895.784236 0.000000
6637.151780 9541.102075 0.000000
6666.432082 313.220002 0.000000
6666.432082 1078.077866 0.000000
6666.432082 1812.619561 0.000000
6666.432082 3308.521336 0.000000
6666.432082 4043.063031 0.000000
6666.432082 4140.940450 0.000000
6666.432082 4306.519327 0.000000
6666.432082 4419.213355 0.000000
6666.432082 4530.284258 0.000000
6666.432082 4875.482145 0.000000
6666.432082 5153.755050 0.000000
6666.432082 5264.825953 0.000000
6666.432082 5450.252498 0.000000
6666.432082 5703.484363 0.000000
6666.432082 6184.794193 0.000000
6666.432082 6438.026058 0.000000
6666.432082 6948.670871 0.000000
6666.432082 7683.212566 0.000000
6666.432082 8806.560380 0.000000
6666.432082 8863.919106 0.000000
6666.432082 8895.784236 0.000000
6666.432082 9541.102075 0.000000
7306.550868 313.220002 0.000000
7306.550868 1078.077866 0.000000
7306.550868 1812.619561 0.000000
7306.550868 3308.521336 0.000000
7306.550868 4043.063031 0.000000
7306.550868 4140.940450 0.000000
7306.550868 4306.519327 0.000000
7306.550868 4419.213355 0.000000
7306.550868 4530.284258 0.000000
7306.550868 4875.482145 0.000000
7306.550868 5153.755050 0.000000
7306.550868 5264.825953 0.000000
7306.550868 5450.252498 0.000000
7306.550868 5703.484363 0.000000
7306.550868 6184.794193 0.000000
7306.550868 6438.026058 0.000000
7306.550868 6948.670871 0.000000
7306.550868 7683.212566 0.000000
7306.550868 8806.560380 0.000000
7306.550868 8863.919106 0.000000
7306.550868 8895.784236 0.000000
7306.550868 9541.102075 0.000000
7371.693475 313.220002 0.000000
7371.693475 1078.077866 0.000000
7371.693475 1812.619561 0.000000
7371.693475 3308.521336 0.000000
7371.693475 4043.063031 0.000000
7371.693475 4140.940450 0.000000
7371.693475 4306.519327 0.000000
7371.693475 4419.213355 0.000000
7371.693475 4530.284258 0.000000
7371.693475 4875.482145 0.000000
7371.693475 5153.755050 0.000000
7371.693475 5264.825953 0.000000
7371.693475 5450.252498 0.000000
7371.693475 5703.484363 0.000000
7371.693475 6184.794193 0.000000
7371.693475 6438.026058 0.000000
7371.693475 6948.670871 0.000000
7371.693475 7683.212566 0.000000
7371.693475 8806.560380 0.000000
7371.693475 8863.919106 0.000000
7371.693475 8895.784236 0.000000
7371.693475 9541.102075 0.000000
8091.570357 313.220002 0.000000
8091.570357 1078.077866 0.000000
8091.570357 1812.619561 0.000000
8091.570357 3308.521336 0.000000
8091.570357 4043.063031 0.000000
8091.570357 4140.940450 0.000000
8091.570357 4306.519327 0.000000
8091.570357 4419.213355 0.000000
8091.570357 4530.284258 0.000000
8091.570357 4875.482145 0.000000
8091.570357 5153.755050 0.000000
8091.570357 5264.825953 0.000000
8091.570357 5450.252498 0.000000
8091.570357 5703.484363 0.000000
8091.570357 6184.794193 0.000000
8091.570357 6438.026058 0.000000
8091.570357 6948.670871 0.000000
8091.570357 7683.212566 0.000000
8091.570357 8806.560380 0.000000
8091.570357 8863.919106 0.000000
8091.570357 8895.784236 0.000000
8091.570357 9541.102075 0.000000
8388.970695 313.220002 0.000000
8388.970695 1078.077866 0.000000
8388.970695 1812.619561 0.000000
8388.970695 3308.521336 0.000000
8388.970695 4043.063031 0.000000
8388.970695 4140.940450 0.000000
8388.970695 4306.519327 0.000000
8388.970695 4419.213355 0.000000
8388.970695 4530.284258 0.000000
8388.970695 4875.482145 0.000000
8388.970695 5153.755050 0.000000
8388.970695 5264.825953 0.000000
8388.970695 5450.252498 0.000000
8388.970695 5703.484363 0.000000
8388.970695 6184.794193 0.000000
8388.970695 6438.026058 0.000000
8388.970695 6948.670871 0.000000
8388.970695 7683.212566 0.000000
8388.970695 8806.560380 0.000000
8388.970695 8863.919106 0.000000
8388.970695 8895.784236 0.000000
8388.970695 9541.102075 0.000000
8457.549196 313.220002 0.000000
8457.549196 1078.077866 0.000000
8457.549196 1812.619561 0.000000
8457.549196 3308.521336 0.000000
8457.549196 4043.063031 0.000000
8457.549196 4140.940450 0.000000
8457.549196 4306.519327 0.000000
8457.549196 4419.213355 0.000000
8457.549196 4530.284258 0.000000
8457.549196 4875.482145 0.000000
8457.549196 5153.755050 0.000000
8457.549196 5264.825953 0.000000
8457.549196 5450.252498 0.000000
8457.549196 5703.484363 0.000000
8457.549196 6184.794193 0.000000
8457.549196 6438.026058 0.000000
8457.549196 6948.670871 0.000000
8457.549196 7683.212566 0.000000
8457.549196 8806.560380 0.000000
8457.549196 8863.919106 0.000000
8457.549196 8895.784236 0.000000
8457.549196 9541.102075 0.000000
8488.847849 313.220002 0.000000
8488.847849 1078.077866 0.000000
8488.847849 1812.619561 0.000000
8488.847849 3308.521336 0.000000
8488.847849 4043.063031 0.000000
8488.847849 4140.940450 0.000000
8488.847849 4306.519327 0.000000
8488.847849 4419.213355 0.000000
8488.847849 4530.284258 0.000000
8488.847849 4875.482145 0.000000
8488.847849 5153.755050 0.000000
8488.847849 5264.825953 0.000000
8488.847849 5450.252498 0.000000
8488.847849 5703.484363 0.000000
8488.847849 6184.794193 0.000000
8488.847849 6438.026058 0.000000
8488.847849 6948.670871 0.000000
8488.847849 7683.212566 0.000000
8488.847849 8806.560380 0.000000
8488.847849 8863.919106 0.000000
8488.847849 8895.784236 0.000000
8488.847849 9541.102075 0.000000
9123.512390 313.220002 0.000000
9123.512390 1078.077866 0.000000
9123.512390 1812.619561 0.000000
9123.512390 3308.521336 0.000000
9123.512390 4043.063031 0.000000
9123.512390 4140.940450 0.000000
9123.512390 4306.519327 0.000000
9123.512390 4419.213355 0.000000
9123.512390 4530.284258 0.000000
9123.512390 4875.482145 0.000000
9123.512390 5153.755050 0.000000
9123.512390 5264.825953 0.000000
9123.512390 5450.252498 0.000000
9123.512390 5703.484363 0.000000
9123.512390 6184.794193 0.000000
9123.512390 6438.026058 0.000000
9123.512390 6948.670871 0.000000
9123.512390 7683.212566 0.000000
9123.512390 8806.560380 0.000000
9123.512390 8863.919106 0.000000
9123.512390 8895.784236 0.000000
9123.512390 9541.102075 0.000000
9192.090891 313.220002 0.000000
9192.090891 1078.077866 0.000000
9192.090891 1812.619561 0.000000
9192.090891 3308.521336 0.000000
9192.090891 4043.063031 0.000000
9192.090891 4140.940450 0.000000
9192.090891 4306.519327 0.000000
9192.090891 4419.213355 0.000000
9192.090891 4530.284258 0.000000
9192.090891 4875.482145 0.000000
9192.090891 5153.755050 0.000000
9192.090891 5264.825953 0.000000
9192.090891 5450.252498 0.000000
9192.090891 5703.484363 0.000000
9192.090891 6184.794193 0.000000
9192.090891 6438.026058 0.000000
9192.090891 6948.670871 0.000000
9192.090891 7683.212566 0.000000
9192.090891 8806.560380 0.000000
9192.090891 8863.919106 0.000000
9192.090891 8895.784236 0.000000
9192.090891 9541.102075 0.000000
9223.389544 313.220002 0.000000
9223.389544 1078.077866 0.000000
9223.389544 1812.619561 0.000000
9223.389544 3308.521336 0.000000
9223.389544 4043.063031 0.000000
9223.389544 4140.940450 0.000000
9223.389544 4306.519327 0.000000
9223.389544 4419.213355 0.000000
9223.389544 4530.284258 0.000000
9223.389544 4875.482145 0.000000
9223.389544 5153.755050 0.000000
9223.389544 5264.825953 0.000000
9223.389544 5450.252498 0.000000
9223.389544 5703.484363 0.000000
9223.389544 6184.794193 0.000000
9223.389544 6438.026058 0.000000
9223.389544 6948.670871 0.000000
9223.389544 7683.212566 0.000000
9223.389544 8806.560380 0.000000
9223.389544 8863.919106 0.000000
9223.389544 8895.784236 0.000000
9223.389544 9541.102075 0.000000
9393.949986 313.220002 0.000000
9393.949986 1078.077866 0.000000
9393.949986 1812.619561 0.000000
9393.949986 3308.521336 0.000000
9393.949986 4043.063031 0.000000
9393.949986 4140.940450 0.000000
9393.949986 4306.519327 0.000000
9393.949986 4419.213355 0.000000
9393.949986 4530.284258 0.000000
9393.949986 4875.482145 0.000000
9393.949986 5153.755050 0.000000
9393.949986 5264.825953 0.000000
9393.949986 5450.252498 0.000000
9393.949986 5703.484363 0.000000
9393.949986 6184.794193 0.000000
9393.949986 6438.026058 0.000000
9393.949986 6948.670871 0.000000
9393.949986 7683.212566 0.000000
9393.949986 8806.560380 0.000000
9393.949986 8863.919106 0.000000
9393.949986 8895.784236 0.000000
9393.949986 9541.102075 0.000000
9614.600360 313.220002 0.000000
9614.600360 1078.077866 0.000000
9614.600360 1812.619561 0.000000
9614.600360 3308.521336 0.000000
9614.600360 4043.063031 0.000000
9614.600360 4140.940450 0.000000
9614.600360 4306.519327 0.000000
9614.600360 4419.213355 0.000000
9614.600360 4530.284258 0.000000
9614.600360 4875.482145 0.000000
9614.600360 5153.755050 0.000000
9614.600360 5264.825953 0.000000
9614.600360 5450.252498 0.000000
9614.600360 5703.484363 0.000000
9614.600360 6184.794193 0.000000
9614.600360 6438.026058 0.000000
9614.600360 6948.670871 0.000000
9614.600360 7683.212566 0.000000
9614.600360 8806.560380 0.000000
9614.600360 8863.919106 0.000000
9614.600360 8895.784236 0.000000
9614.600360 9541.102075 0.000000
10128.491681 313.220002 0.000000
10128.491681 1078.077866 0.000000
10128.491681 1812.619561 0.000000
10128.491681 3308.521336 0.000000
10128.491681 4043.063031 0.000000
10128.491681 4140.940450 0.000000
10128.491681 4306.519327 0.000000
10128.491681 4419.213355 0.000000
10128.491681 4530.284258 0.000000
10128.491681 4875.482145 0.000000
10128.491681 5153.755050 0.000000
10128.491681 5264.825953 0.000000
10128.491681 5450.252498 0.000000
10128.491681 5703.484363 0.000000
10128.491681 6184.794193 0.000000
10128.491681 6438.026058 0.000000
10128.491681 6948.670871 0.000000
10128.491681 7683.212566 0.000000
10128.491681 8806.560380 0.000000
10128.491681 8863.919106 0.000000
10128.491681 8895.784236 0.000000
10128.491681 9541.102075 0.000000
2269.183411 313.220002 200.000000
2269.183411 1078.077866 200.000000
2269.183411 1812.619561 200.000000
2269.183411 3308.521336 200.000000
2269.183411 4043.063031 200.000000
2269.183411 4140.940450 200.000000
2269.183411 4306.519327 200.000000
2269.183411 4419.213355 200.000000
2269.183411 4530.284258 200.000000
2269.183411 4875.482145 200.000000
2269.183411 5153.755050 200.000000
2269.183411 5264.825953 200.000000
2269.183411 5450.252498 200.000000
2269.183411 5703.484363 200.000000
2269.183411 6184.794193 200.000000
2269.183411 6438.026058 200.000000
2269.183411 6948.670871 200.000000
2269.183411 7683.212566 200.000000
2269.183411 8806.560380 200.000000
2269.183411 8863.919106 200.000000
2269.183411 8895.784236 200.000000
2269.183411 9541.102075 200.000000
3228.188594 313.220002 200.000000
3228.188594 1078.077866 200.000000
3228.188594 1812.619561 200.000000
3228.188594 3308.521336 200.000000
3228.188594 4043.063031 200.000000
3228.188594 4140.940450 200.000000
3228.188594 4306.519327 200.000000
3228.188594 4419.213355 200.000000
3228.188594 4530.284258 200.000000
3228.188594 4875.482145 200.000000
3228.188594 5153.755050 200.000000
3228.188594 5264.825953 200.000000
3228.188594 5450.252498 200.000000
3228.188594 5703.484363 200.000000
3228.188594 6184.794193 200.000000
3228.188594 6438.026058 200.000000
3228.188594 6948.670871 200.000000
3228.188594 7683.212566 200.000000
3228.188594 8806.560380 200.000000
3228.188594 8863.919106 200.000000
3228.188594 8895.784236 200.000000
3228.188594 9541.102075 200.000000
3962.730289 313.220002 200.000000
3962.730289 1078.077866 200.000000
3962.730289 1812.619561 200.000000
3962.730289 3308.521336 200.000000
3962.730289 4043.063031 200.000000
3962.730289 4140.940450 200.000000
3962.730289 4306.519327 200.000000
3962.730289 4419.213355 200.000000
3962.730289 4530.284258 200.000000
3962.730289 4875.482145 200.000000
3962.730289 5153.755050 200.000000
3962.730289 5264.825953 200.000000
3962.730289 5450.252498 200.000000
3962.730289 5703.484363 200.000000
3962.730289 6184.794193 200.000000
3962.730289 6438.026058 200.000000
3962.730289 6948.670871 200.000000
3962.730289 7683.212566 200.000000
3962.730289 8806.560380 200.000000
3962.730289 8863.919106 200.000000
3962.730289 8895.784236 200.000000
3962.730289 9541.102075 200.000000
4378.993148 313.220002 200.000000
4378.993148 1078.077866 200.000000
4378.993148 1812.619561 200.000000
4378.993148 3308.521336 200.000000
4378.993148 4043.063031 200.000000
4378.993148 4140.940450 200.000000
4378.993148 4306.519327 200.000000
4378.993148 4419.213355 200.000000
4378.993148 4530.284258 200.000000
4378.993148 4875.482145 200.000000
4378.993148 5153.755050 200.000000
4378.993148 5264.825953 200.000000
4378.993148 5450.252498 200.000000
4378.993148 5703.484363 200.000000
4378.993148 6184.794193 200.000000
4378.993148 6438.026058 200.000000
4378.993148 6948.670871 200.000000
4378.993148 7683.212566 200.000000
4378.993148 8806.560380 200.000000
4378.993148 8863.919106 200.000000
4378.993148 8895.784236 200.000000
4378.993148 9541.102075 200.000000
4425.018237 313.220002 200.000000
4425.018237 1078.077866 200.000000
4425.018237 1812.619561 200.000000
4425.018237 3308.521336 200.000000
4425.018237 4043.063031 200.000000
4425.018237 4140.940450 200.000000
4425.018237 4306.519327 200.000000
4425.018237 4419.213355 200.000000
4425.018237 4530.284258 200.000000
4425.018237 4875.482145 200.000000
4425.018237 5153.755050 200.000000
4425.018237 5264.825953 200.000000
4425.018237 5450.252498 200.000000
4425.018237 5703.484363 200.000000
4425.018237 6184.794193 200.000000
4425.018237 6438.026058 200.000000
4425.018237 6948.670871 200.000000
4425.018237 7683.212566 200.000000
4425.018237 8806.560380 200.000000
4425.018237 8863.919106 200.000000
4425.018237 8895.784236 200.000000
4425.018237 9541.102075 200.000000
5113.534843 313.220002 200.000000
5113.534843 1078.077866 200.000000
5113.534843 1812.619561 200.000000
5113.534843 3308.521336 200.000000
5113.534843 4043.063031 200.000000
5113.534843 4140.940450 200.000000
5113.534843 4306.519327 200.000000
5113.534843 4419.213355 200.000000
5113.534843 4530.284258 200.000000
5113.534843 4875.482145 200.000000
5113.534843 5153.755050 200.000000
5113.534843 5264.825953 200.000000
5113.534843 5450.252498 200.000000
5113.534843 5703.484363 200.000000
5113.534843 6184.794193 200.000000
5113.534843 6438.026058 200.000000
5113.534843 6948.670871 200.000000
5113.534843 7683.212566 200.000000
5113.534843 8806.560380 200.000000
5113.534843 8863.919106 200.000000
5113.534843 8895.784236 200.000000
5113.534843 9541.102075 200.000000
5159.559932 313.220002 200.000000
5159.559932 1078.077866 200.000000
5159.559932 1812.619561 200.000000
5159.559932 3308.521336 200.000000
5159.559932 4043.063031 200.000000
5159.559932 4140.940450 200.000000
5159.559932 4306.519327 200.000000
5159.559932 4419.213355 200.000000
5159.559932 4530.284258 200.000000
5159.559932 4875.482145 200.000000
5159.559932 5153.755050 200.000000
5159.559932 5264.825953 200.000000
5159.559932 5450.252498 200.000000
5159.559932 5703.484363 200.000000
5159.559932 6184.794193 200.000000
5159.559932 6438.026058 200.000000
5159.559932 6948.670871 200.000000
5159.559932 7683.212566 200.000000
5159.559932 8806.560380 200.000000
5159.559932 8863.919106 200.000000
5159.559932 8895.784236 200.000000
5159.559932 9541.102075 200.000000
5873.965427 313.220002 200.000000
5873.965427 1078.077866 200.000000
5873.965427 1812.619561 200.000000
5873.965427 3308.521336 200.000000
5873.965427 4043.063031 200.000000
5873.965427 4140.940450 200.000000
5873.965427 4306.519327 200.000000
5873.965427 4419.213355 200.000000
5873.965427 4530.284258 200.000000
5873.965427 4875.482145 200.000000
5873.965427 5153.755050 200.000000
5873.965427 5264.825953 200.000000
5873.965427 5450.252498 200.000000
5873.965427 5703.484363 200.000000
5873.965427 6184.794193 200.000000
5873.965427 6438.026058 200.000000
5873.965427 6948.670871 200.000000
5873.965427 7683.212566 200.000000
5873.965427 8806.560380 200.000000
5873.965427 8863.919106 200.000000
5873.965427 8895.784236 200.000000
5873.965427 9541.102075 200.000000
5931.890387 313.220002 200.000000
5931.890387 1078.077866 200.000000
5931.890387 1812.619561 200.000000
5931.890387 3308.521336 200.000000
5931.890387 4043.063031 200.000000
5931.890387 4140.940450 200.000000
5931.890387 4306.519327 200.000000
5931.890387 4419.213355 200.000000
5931.890387 4530.284258 200.000000
5931.890387 4875.482145 200.000000
5931.890387 5153.755050 200.000000
5931.890387 5264.825953 200.000000
5931.890387 5450.252498 200.000000
5931.890387 5703.484363 200.000000
5931.890387 6184.794193 200.000000
5931.890387 6438.026058 200.000000
5931.890387 6948.670871 200.000000
5931.890387 7683.212566 200.000000
5931.890387 8806.560380 200.000000
5931.890387 8863.919106 200.000000
5931.890387 8895.784236 200.000000
5931.890387 9541.102075 200.000000
6572.009173 313.220002 200.000000
6572.009173 1078.077866 200.000000
6572.009173 1812.619561 200.000000
6572.009173 3308.521336 200.000000
6572.009173 4043.063031 200.000000
6572.009173 4140.940450 200.000000
6572.009173 4306.519327 200.000000
6572.009173 4419.213355 200.000000
6572.009173 4530.284258 200.000000
6572.009173 4875.482145 200.000000
6572.009173 5153.755050 200.000000
6572.009173 5264.825953 200.000000
6572.009173 5450.252498 200.000000
6572.009173 5703.484363 200.000000
6572.009173 6184.794193 200.000000
6572.009173 6438.026058 200.000000
6572.009173 6948.670871 200.000000
6572.009173 7683.212566 200.000000
6572.009173 8806.560380 200.000000
6572.009173 8863.919106 200.000000
6572.009173 8895.784236 200.000000
6572.009173 9541.102075 200.000000
6637.151780 313.220002 200.000000
6637.151780 1078.077866 200.000000
6637.151780 1812.619561 200.000000
6637.151780 3308.521336 200.000000
6637.151780 4043.063031 200.000000
6637.151780 4140.940450 200.000000
6637.151780 4306.519327 200.000000
6637.151780 4419.213355 200.000000
6637.151780 4530.284258 200.000000
6637.151780 4875.482145 200.000000
6637.151780 5153.755050 200.000000
6637.151780 5264.825953 200.000000
6637.151780 5450.252498 200.000000
6637.151780 5703.484363 200.000000
6637.151780 6184.794193 200.000000
6637.151780 6438.026058 200.000000
6637.151780 6948.670871 200.000000
6637.151780 7683.212566 200.000000
6637.151780 8806.560380 200.000000
6637.151780 8863.919106 200.000000
6637.151780 8895.784236 200.000000
6637.151780 9541.102075 200.000000
6666.432082 313.220002 200.000000
6666.432082 1078.077866 200.000000
6666.432082 1812.619561 200.000000
6666.432082 3308.521336 200.000000
6666.432082 4043.063031 200.000000
6666.432082 4140.940450 200.000000
6666.432082 4306.519327 200.000000
6666.432082 4419.213355 200.000000
6666.432082 4530.284258 200.000000
6666.432082 4875.482145 200.000000
6666.432082 5153.755050 200.000000
6666.432082 5264.825953 200.000000
6666.432082 5450.252498 200.000000
6666.432082 5703.484363 200.000000
6666.432082 6184.794193 200.000000
6666.432082 6438.026058 200.000000
6666.432082 6948.670871 200.000000
6666.432082 7683.212566 200.000000
6666.432082 8806.560380 200.000000
6666.432082 8863.919106 200.000000
6666.432082 8895.784236 200.000000
6666.432082 9541.102075 200.000000
7306.550868 313.220002 200.000000
7306.550868 1078.077866 200.000000
7306.550868 1812.619561 200.000000
7306.550868 3308.521336 200.000000
7306.550868 4043.063031 200.000000
7306.550868 4140.940450 200.000000
7306.550868 4306.519327 200.000000
7306.550868 4419.213355 200.000000
7306.550868 4530.284258 200.000000
7306.550868 4875.482145 200.000000
7306.550868 5153.755050 200.000000
7306.550868 5264.825953 200.000000
7306.550868 5450.252498 200.000000
7306.550868 5703.484363 200.000000
7306.550868 6184.794193 200.000000
7306.550868 6438.026058 200.000000
7306.550868 6948.670871 200.000000
7306.550868 7683.212566 200.000000
7306.550868 8806.560380 200.000000
7306.550868 8863.919106 200.000000
7306.550868 8895.784236 200.000000
7306.550868 9541.102075 200.000000
7371.693475 313.220002 200.000000
7371.693475 1078.077866 200.000000
7371.693475 1812.619561 200.000000
7371.693475 3308.521336 200.000000
7371.693475 4043.063031 200.000000
7371.693475 4140.940450 200.000000
7371.693475 4306.519327 200.000000
7371.693475 4419.213355 200.000000
7371.693475 4530.284258 200.000000
7371.693475 4875.482145 200.000000
7371.693475 5153.755050 200.000000
7371.693475 5264.825953 200.000000
7371.693475 5450.252498 200.000000
7371.693475 5703.484363 200.000000
7371.693475 6184.794193 200.000000
7371.693475 6438.026058 200.000000
7371.693475 6948.670871 200.000000
7371.693475 7683.212566 200.000000
7371.693475 8806.560380 200.000000
7371.693475 8863.919106 200.000000
7371.693475 8895.784236 200.000000
7371.693475 9541.102075 200.000000
8091.570357 313.220002 200.000000
8091.570357 1078.077866 200.000000
8091.570357 1812.619561 200.000000
8091.570357 3308.521336 200.000000
8091.570357 4043.063031 200.000000
8091.570357 4140.940450 200.000000
8091.570357 4306.519327 200.000000
8091.570357 4419.213355 200.000000
8091.570357 4530.284258 200.000000
8091.570357 4875.482145 200.000000
8091.570357 5153.755050 200.000000
8091.570357 5264.825953 200.000000
8091.570357 5450.252498 200.000000
8091.570357 5703.484363 200.000000
8091.570357 6184.794193 200.000000
8091.570357 6438.026058 200.000000
8091.570357 6948.670871 200.000000
8091.570357 7683.212566 200.000000
8091.570357 8806.560380 200.000000
8091.570357 8863.919106 200.000000
8091.570357 8895.784236 200.000000
8091.570357 9541.102075 200.000000
8388.970695 313.220002 200.000000
8388.970695 1078.077866 200.000000
8388.970695 1812.619561 200.000000
8388.970695 3308.521336 200.000000
8388.970695 4043.063031 200.000000
8388.970695 4140.940450 200.000000
8388.970695 4306.519327 200.000000
8388.970695 4419.213355 200.000000
8388.970695 4530.284258 200.000000
8388.970695 4875.482145 200.000000
8388.970695 5153.755050 200.000000
8388.970695 5264.825953 200.000000
8388.970695 5450.252498 200.000000
8388.970695 5703.484363 200.000000
8388.970695 6184.794193 200.000000
8388.970695 6438.026058 200.000000
8388.970695 6948.670871 200.000000
8388.970695 7683.212566 200.000000
8388.970695 8806.560380 200.000000
8388.970695 8863.919106 200.000000
8388.970695 8895.784236 200.000000
8388.970695 9541.102075 200.000000
8457.549196 313.220002 200.000000
8457.549196 1078.077866 200.000000
8457.549196 1812.619561 200.000000
8457.549196 3308.521336 200.000000
8457.549196 4043.063031 200.000000
8457.549196 4140.940450 200.000000
8457.549196 4306.519327 200.000000
8457.549196 4419.213355 200.000000
8457.549196 4530.284258 200.000000
8457.549196 4875.482145 200.000000
8457.549196 5153.755050 200.000000
8457.549196 5264.825953 200.000000
8457.549196 5450.252498 200.000000
8457.549196 5703.484363 200.000000
8457.549196 6184.794193 200.000000
8457.549196 6438.026058 200.000000
8457.549196 6948.670871 200.000000
8457.549196 7683.212566 200.000000
8457.549196 8806.560380 200.000000
8457.549196 8863.919106 200.000000
8457.549196 8895.784236 200.000000
8457.549196 9541.102075 200.000000
8488.847849 313.220002 200.000000
8488.847849 1078.077866 200.000000
8488.847849 1812.619561 200.000000
8488.847849 3308.521336 200.000000
8488.847849 4043.063031 200.000000
8488.847849 4140.940450 200.000000
8488.847849 4306.519327 200.000000
8488.847849 4419.213355 200.000000
8488.847849 4530.284258 200.000000
8488.847849 4875.482145 200.000000
8488.847849 5153.755050 200.000000
8488.847849 5264.825953 200.000000
8488.847849 5450.252498 200.000000
8488.847849 5703.484363 200.000000
8488.847849 6184.794193 200.000000
8488.847849 6438.026058 200.000000
8488.847849 6948.670871 200.000000
8488.847849 7683.212566 200.000000
8488.847849 8806.560380 200.000000
8488.847849 8863.919106 200.000000
8488.847849 8895.784236 200.000000
8488.847849 9541.102075 200.000000
9123.512390 313.220002 200.000000
9123.512390 1078.077866 200.000000
9123.512390 1812.619561 200.000000
9123.512390 3308.521336 200.000000
9123.512390 4043.063031 200.000000
9123.512390 4140.940450 200.000000
9123.512390 4306.519327 200.000000
9123.512390 4419.213355 200.000000
9123.512390 4530.284258 200.000000
9123.512390 4875.482145 200.000000
9123.512390 5153.755050 200.000000
9123.512390 5264.825953 200.000000
9123.512390 5450.252498 200.000000
9123.512390 5703.484363 200.000000
9123.512390 6184.794193 200.000000
9123.512390 6438.026058 200.000000
9123.512390 6948.670871 200.000000
9123.512390 7683.212566 200.000000
9123.512390 8806.560380 200.000000
9123.512390 8863.919106 200.000000
9123.512390 8895.784236 200.000000
9123.512390 9541.102075 200.000000
9192.090891 313.220002 200.000000
9192.090891 1078.077866 200.000000
9192.090891 1812.619561 200.000000
9192.090891 3308.521336 200.000000
9192.090891 4043.063031 200.000000
9192.090891 4140.940450 200.000000
9192.090891 4306.519327 200.000000
9192.090891 4419.213355 200.000000
9192.090891 4530.284258 200.000000
9192.090891 4875.482145 200.000000
9192.090891 5153.755050 200.000000
9192.090891 5264.825953 200.000000
9192.090891 5450.252498 200.000000
9192.090891 5703.484363 200.000000
9192.090891 6184.794193 200.000000
9192.090891 6438.026058 200.000000
9192.090891 6948.670871 200.000000
9192.090891 7683.212566 200.000000
9192.090891 8806.560380 200.000000
9192.090891 8863.919106 200.000000
9192.090891 8895.784236 200.000000
9192.090891 9541.102075 200.000000
9223.389544 313.220002 200.000000
9223.389544 1078.077866 200.000000
9223.389544 1812.619561 200.000000
9223.389544 3308.521336 200.000000
9223.389544 4043.063031 200.000000
9223.389544 4140.940450 200.000000
9223.389544 4306.519327 200.000000
9223.389544 4419.213355 200.000000
9223.389544 4530.284258 200.000000
9223.389544 4875.482145 200.000000
9223.389544 5153.755050 200.000000
9223.389544 5264.825953 200.000000
9223.389544 5450.252498 200.000000
9223.389544 5703.484363 200.000000
9223.389544 6184.794193 200.000000
9223.389544 6438.026058 200.000000
9223.389544 6948.670871 200.000000
9223.389544 7683.212566 200.000000
9223.389544 8806.560380 200.000000
9223.389544 8863.919106 200.000000
9223.389544 8895.784236 200.000000
9223.389544 9541.102075 200.000000
9393.949986 313.220002 200.000000
9393.949986 1078.077866 200.000000
9393.949986 1812.619561 200.000000
9393.949986 3308.521336 200.000000
9393.949986 4043.063031 200.000000
9393.949986 4140.940450 200.000000
9393.949986 4306.519327 200.000000
9393.949986 4419.213355 200.000000
9393.949986 4530.284258 200.000000
9393.949986 4875.482145 200.000000
9393.949986 5153.755050 200.000000
9393.949986 5264.825953 200.000000
9393.949986 5450.252498 200.000000
9393.949986 5703.484363 200.000000
9393.949986 6184.794193 200.000000
9393.949986 6438.026058 200.000000
9393.949986 6948.670871 200.000000
9393.949986 7683.212566 200.000000
9393.949986 8806.560380 200.000000
9393.949986 8863.919106 200.000000
9393.949986 8895.784236 200.000000
9393.949986 9541.102075 200.000000
9614.600360 313.220002 200.000000
9614.600360 1078.077866 200.000000
9614.600360 1812.619561 200.000000
9614.600360 3308.521336 200.000000
9614.600360 4043.063031 200.000000
9614.600360 4140.940450 200.000000
9614.600360 4306.519327 200.000000
9614.600360 4419.213355 200.000000
9614.600360 4530.284258 200.000000
9614.600360 4875.482145 200.000000
9614.600360 5153.755050 200.000000
9614.600360 5264.825953 200.000000
9614.600360 5450.252498 200.000000
9614.600360 5703.484363 200.000000
9614.600360 6184.794193 200.000000
9614.600360 6438.026058 200.000000
9614.600360 6948.670871 200.000000
9614.600360 7683.212566 200.000000
9614.600360 8806.560380 200.000000
9614.600360 8863.919106 200.000000
9614.600360 8895.784236 200.000000
9614.600360 9541.102075 200.000000
10128.491681 313.220002 200.000000
10128.491681 1078.077866 200.000000
10128.491681 1812.619561 200.000000
10128.491681 3308.521336 200.000000
10128.491681 4043.063031 200.000000
10128.491681 4140.940450 200.000000
10128.491681 4306.519327 200.000000
10128.491681 4419.213355 200.000000
10128.491681 4530.284258 200.000000
10128.491681 4875.482145 200.000000
10128.491681 5153.755050 200.000000
10128.491681 5264.825953 200.000000
10128.491681 5450.252498 200.000000
10128.491681 5703.484363 200.000000
10128.491681 6184.794193 200.000000
10128.491681 6438.026058 200.000000
10128.491681 6948.670871 200.000000
10128.491681 7683.212566 200.000000
10128.491681 8806.560380 200.000000
10128.491681 8863.919106 200.000000
10128.491681 8895.784236 200.000000
10128.491681 9541.102075 200.000000
