0 1 683.124940
1 2 136.791391
2 3 290.382925
3 4 136.791391
4 5 42.373947
5 6 62.412015
6 7 16.979654
7 8 101.676825
8 9 246.105822
9 10 62.412015
10 11 16.979654
11 12 101.676825
12 13 265.453243
13 14 39.777565
14 15 130.923641
15 16 256.473109
16 17 39.777565
17 18 431.572619
18 19 552.481029
19 20 125.824222
20 21 301.350094
21 22 125.824222
22 23 143.809428
23 24 292.065140
24 25 135.109176
25 26 48.188470
26 27 92.097600
27 28 296.266902
28 29 130.907414
29 30 13.024183
30 31 427.174316
31 32 61.870710
32 33 103.290116
33 34 320.787425
34 35 106.386891
0 36 132.405022
1 37 132.405022
36 37 683.124940
2 38 132.405022
37 38 136.791391
3 39 132.405022
38 39 290.382925
4 40 132.405022
39 40 136.791391
5 41 132.405022
40 41 42.373947
6 42 132.405022
41 42 62.412015
7 43 132.405022
42 43 16.979654
8 44 132.405022
43 44 101.676825
9 45 132.405022
44 45 246.105822
10 46 132.405022
45 46 62.412015
11 47 132.405022
46 47 16.979654
12 48 132.405022
47 48 101.676825
13 49 132.405022
48 49 265.453243
14 50 132.405022
49 50 39.777565
15 51 132.405022
50 51 130.923641
16 52 132.405022
51 52 256.473109
17 53 132.405022
52 53 39.777565
18 54 132.405022
53 54 431.572619
19 55 132.405022
54 55 552.481029
20 56 132.405022
55 56 125.824222
21 57 132.405022
56 57 301.350094
22 58 132.405022
57 58 125.824222
23 59 132.405022
58 59 143.809428
24 60 132.405022
59 60 292.065140
25 61 132.405022
60 61 135.109176
26 62 132.405022
61 62 48.188470
27 63 132.405022
62 63 92.097600
28 64 132.405022
63 64 296.266902
29 65 132.405022
64 65 130.907414
30 66 132.405022
65 66 13.024183
31 67 132.405022
66 67 427.174316
32 68 132.405022
67 68 61.870710
33 69 132.405022
68 69 103.290116
34 70 132.405022
69 70 320.787425
35 71 132.405022
70 71 106.386891
36 72 186.042396
37 73 186.042396
72 73 683.124940
38 74 186.042396
73 74 136.791391
39 75 186.042396
74 75 290.382925
40 76 186.042396
75 76 136.791391
41 77 186.042396
76 77 42.373947
42 78 186.042396
77 78 62.412015
43 79 186.042396
78 79 16.979654
44 80 186.042396
79 80 101.676825
45 81 186.042396
80 81 246.105822
46 82 186.042396
81 82 62.412015
47 83 186.042396
82 83 16.979654
48 84 186.042396
83 84 101.676825
49 85 186.042396
84 85 265.453243
50 86 186.042396
85 86 39.777565
51 87 186.042396
86 87 130.923641
52 88 186.042396
87 88 256.473109
53 89 186.042396
88 89 39.777565
54 90 186.042396
89 90 431.572619
55 91 186.042396
90 91 552.481029
56 92 186.042396
91 92 125.824222
57 93 186.042396
92 93 301.350094
58 94 186.042396
93 94 125.824222
59 95 186.042396
94 95 143.809428
61 97 186.042396
62 98 186.042396
97 98 48.188470
63 99 186.042396
98 99 92.097600
64 100 186.042396
99 100 296.266902
65 101 186.042396
100 101 130.907414
66 102 186.042396
101 102 13.024183
67 103 186.042396
102 103 427.174316
68 104 186.042396
103 104 61.870710
69 105 186.042396
104 105 103.290116
70 106 186.042396
105 106 320.787425
71 107 186.042396
106 107 106.386891
72 108 241.131920
73 109 241.131920
108 109 683.124940
74 110 241.131920
109 110 136.791391
75 111 241.131920
110 111 290.382925
76 112 241.131920
111 112 136.791391
77 113 241.131920
112 113 42.373947
78 114 241.131920
113 114 62.412015
79 115 241.131920
114 115 16.979654
80 116 241.131920
115 116 101.676825
81 117 241.131920
116 117 246.105822
82 118 241.131920
117 118 62.412015
83 119 241.131920
118 119 16.979654
84 120 241.131920
119 120 101.676825
85 121 241.131920
120 121 265.453243
86 122 241.131920
121 122 39.777565
87 123 241.131920
122 123 130.923641
88 124 241.131920
123 124 256.473109
89 125 241.131920
124 125 39.777565
90 126 241.131920
125 126 431.572619
91 127 241.131920
126 127 552.481029
92 128 723.395759
127 128 377.472665
93 129 241.131920
128 129 904.050283
94 130 241.131920
129 130 125.824222
95 131 241.131920
130 131 143.809428
131 132 292.065140
97 133 241.131920
132 133 135.109176
98 134 241.131920
133 134 48.188470
99 135 241.131920
134 135 92.097600
100 136 241.131920
135 136 296.266902
101 137 241.131920
136 137 130.907414
102 138 241.131920
137 138 13.024183
103 139 241.131920
138 139 427.174316
104 140 241.131920
139 140 61.870710
105 141 241.131920
140 141 103.290116
106 142 241.131920
141 142 320.787425
107 143 241.131920
142 143 106.386891
108 144 77.706907
109 145 77.706907
144 145 683.124940
110 146 77.706907
145 146 136.791391
111 147 77.706907
146 147 290.382925
112 148 77.706907
147 148 136.791391
113 149 77.706907
148 149 42.373947
114 150 77.706907
149 150 62.412015
115 151 77.706907
150 151 16.979654
116 152 77.706907
151 152 101.676825
117 153 77.706907
152 153 246.105822
118 154 77.706907
153 154 62.412015
119 155 77.706907
154 155 16.979654
120 156 77.706907
155 156 101.676825
121 157 77.706907
156 157 265.453243
122 158 77.706907
157 158 39.777565
123 159 77.706907
158 159 130.923641
124 160 77.706907
159 160 256.473109
125 161 77.706907
160 161 39.777565
126 162 77.706907
161 162 431.572619
127 163 77.706907
162 163 552.481029
128 164 233.120721
163 164 377.472665
129 165 77.706907
164 165 904.050283
130 166 77.706907
165 166 125.824222
131 167 77.706907
166 167 143.809428
132 168 77.706907
167 168 292.065140
133 169 77.706907
168 169 135.109176
134 170 77.706907
169 170 48.188470
135 171 77.706907
170 171 92.097600
136 172 77.706907
171 172 296.266902
137 173 77.706907
172 173 130.907414
138 174 77.706907
173 174 13.024183
139 175 77.706907
174 175 427.174316
140 176 77.706907
175 176 61.870710
141 177 77.706907
176 177 103.290116
142 178 77.706907
177 178 320.787425
143 179 77.706907
178 179 106.386891
144 180 11.231886
145 181 11.231886
180 181 683.124940
146 182 11.231886
181 182 136.791391
147 183 11.231886
182 183 290.382925
148 184 11.231886
183 184 136.791391
149 185 11.231886
184 185 42.373947
150 186 11.231886
185 186 62.412015
151 187 33.695657
186 187 50.938963
152 188 33.695657
187 188 305.030474
153 189 33.695657
188 189 738.317465
154 190 11.231886
189 190 187.236046
155 191 11.231886
190 191 16.979654
156 192 11.231886
191 192 101.676825
157 193 11.231886
192 193 265.453243
158 194 11.231886
193 194 39.777565
159 195 11.231886
194 195 130.923641
160 196 11.231886
195 196 256.473109
161 197 11.231886
196 197 39.777565
162 198 11.231886
197 198 431.572619
163 199 11.231886
198 199 552.481029
164 200 33.695657
199 200 377.472665
165 201 11.231886
200 201 904.050283
166 202 11.231886
201 202 125.824222
167 203 11.231886
202 203 143.809428
168 204 11.231886
203 204 292.065140
169 205 11.231886
204 205 135.109176
170 206 11.231886
205 206 48.188470
171 207 11.231886
206 207 92.097600
172 208 11.231886
207 208 296.266902
173 209 11.231886
208 209 130.907414
174 210 11.231886
209 210 13.024183
175 211 11.231886
210 211 427.174316
176 212 11.231886
211 212 61.870710
177 213 11.231886
212 213 103.290116
178 214 11.231886
213 214 320.787425
179 215 11.231886
214 215 106.386891
180 216 12.076953
181 217 12.076953
216 217 683.124940
183 219 12.076953
184 220 12.076953
219 220 136.791391
185 221 12.076953
220 221 42.373947
186 222 12.076953
221 222 62.412015
187 223 36.230859
222 223 50.938963
188 224 36.230859
223 224 305.030474
189 225 36.230859
224 225 738.317465
190 226 12.076953
225 226 187.236046
191 227 12.076953
226 227 16.979654
192 228 12.076953
227 228 101.676825
193 229 12.076953
228 229 265.453243
194 230 12.076953
229 230 39.777565
195 231 12.076953
230 231 130.923641
196 232 12.076953
231 232 256.473109
197 233 12.076953
232 233 39.777565
198 234 12.076953
233 234 431.572619
199 235 12.076953
234 235 552.481029
200 236 36.230859
235 236 377.472665
201 237 12.076953
236 237 904.050283
202 238 12.076953
237 238 125.824222
203 239 12.076953
238 239 143.809428
204 240 12.076953
239 240 292.065140
205 241 12.076953
240 241 135.109176
206 242 12.076953
241 242 48.188470
207 243 12.076953
242 243 92.097600
208 244 12.076953
243 244 296.266902
209 245 12.076953
244 245 130.907414
210 246 12.076953
245 246 13.024183
211 247 12.076953
246 247 427.174316
212 248 12.076953
247 248 61.870710
213 249 12.076953
248 249 103.290116
214 250 12.076953
249 250 320.787425
215 251 12.076953
250 251 106.386891
216 252 85.026651
217 253 85.026651
252 253 683.124940
219 255 85.026651
220 256 85.026651
255 256 136.791391
221 257 85.026651
256 257 42.373947
222 258 85.026651
257 258 62.412015
223 259 255.079953
258 259 50.938963
224 260 255.079953
259 260 305.030474
225 261 255.079953
260 261 738.317465
226 262 85.026651
261 262 187.236046
227 263 85.026651
262 263 16.979654
228 264 85.026651
263 264 101.676825
229 265 85.026651
264 265 265.453243
232 268 85.026651
233 269 85.026651
268 269 39.777565
234 270 85.026651
269 270 431.572619
235 271 85.026651
270 271 552.481029
236 272 255.079953
271 272 125.824222
237 273 85.026651
272 273 301.350094
238 274 85.026651
273 274 125.824222
239 275 85.026651
274 275 143.809428
240 276 85.026651
275 276 292.065140
241 277 85.026651
276 277 135.109176
242 278 85.026651
277 278 48.188470
243 279 85.026651
278 279 92.097600
244 280 85.026651
279 280 296.266902
245 281 85.026651
280 281 130.907414
246 282 85.026651
281 282 13.024183
247 283 85.026651
282 283 427.174316
248 284 85.026651
283 284 61.870710
249 285 85.026651
284 285 103.290116
250 286 85.026651
285 286 320.787425
251 287 85.026651
286 287 106.386891
252 288 34.657514
253 289 34.657514
288 289 683.124940
255 291 34.657514
256 292 34.657514
291 292 136.791391
257 293 34.657514
292 293 42.373947
258 294 34.657514
293 294 62.412015
259 295 103.972543
294 295 50.938963
260 296 103.972543
295 296 305.030474
261 297 103.972543
296 297 738.317465
262 298 34.657514
297 298 187.236046
263 299 34.657514
298 299 16.979654
264 300 34.657514
299 300 101.676825
265 301 34.657514
300 301 265.453243
268 304 34.657514
269 305 34.657514
304 305 39.777565
270 306 34.657514
305 306 431.572619
271 307 34.657514
306 307 552.481029
272 308 34.657514
307 308 125.824222
273 309 34.657514
308 309 301.350094
274 310 34.657514
309 310 125.824222
275 311 34.657514
310 311 143.809428
276 312 34.657514
311 312 292.065140
277 313 34.657514
312 313 135.109176
278 314 34.657514
313 314 48.188470
279 315 34.657514
314 315 92.097600
280 316 34.657514
315 316 296.266902
281 317 34.657514
316 317 130.907414
282 318 34.657514
317 318 13.024183
283 319 34.657514
318 319 427.174316
284 320 34.657514
319 320 61.870710
285 321 34.657514
320 321 103.290116
286 322 34.657514
321 322 320.787425
287 323 34.657514
322 323 106.386891
288 324 84.709286
289 325 84.709286
324 325 683.124940
291 327 84.709286
292 328 84.709286
327 328 136.791391
293 329 84.709286
328 329 42.373947
294 330 84.709286
329 330 62.412015
295 331 254.127858
330 331 50.938963
296 332 254.127858
331 332 305.030474
297 333 254.127858
332 333 738.317465
298 334 84.709286
333 334 187.236046
299 335 84.709286
334 335 16.979654
300 336 84.709286
335 336 101.676825
301 337 84.709286
336 337 265.453243
304 340 84.709286
305 341 84.709286
340 341 39.777565
306 342 84.709286
341 342 431.572619
307 343 84.709286
342 343 552.481029
308 344 84.709286
343 344 125.824222
309 345 84.709286
344 345 301.350094
310 346 84.709286
345 346 125.824222
311 347 84.709286
346 347 143.809428
312 348 84.709286
347 348 292.065140
313 349 84.709286
348 349 135.109176
316 352 84.709286
317 353 84.709286
352 353 130.907414
318 354 84.709286
353 354 13.024183
319 355 84.709286
354 355 427.174316
320 356 84.709286
355 356 61.870710
321 357 84.709286
356 357 103.290116
322 358 84.709286
357 358 320.787425
323 359 84.709286
358 359 106.386891
324 360 199.472026
325 361 199.472026
360 361 683.124940
327 363 199.472026
328 364 199.472026
363 364 136.791391
329 365 199.472026
364 365 42.373947
330 366 199.472026
365 366 62.412015
331 367 598.416078
366 367 16.979654
332 368 598.416078
367 368 101.676825
333 369 598.416078
368 369 246.105822
334 370 199.472026
369 370 62.412015
335 371 199.472026
370 371 16.979654
336 372 199.472026
371 372 101.676825
337 373 199.472026
372 373 265.453243
340 376 199.472026
341 377 199.472026
376 377 39.777565
342 378 199.472026
377 378 1294.717858
343 379 199.472026
378 379 552.481029
344 380 199.472026
379 380 125.824222
345 381 199.472026
380 381 301.350094
346 382 199.472026
381 382 125.824222
347 383 199.472026
382 383 143.809428
348 384 199.472026
383 384 292.065140
349 385 199.472026
384 385 135.109176
352 388 199.472026
353 389 199.472026
388 389 130.907414
354 390 199.472026
389 390 13.024183
355 391 199.472026
390 391 427.174316
356 392 199.472026
391 392 61.870710
357 393 199.472026
392 393 103.290116
358 394 199.472026
393 394 320.787425
359 395 199.472026
394 395 106.386891
360 396 11.231886
361 397 11.231886
396 397 683.124940
397 398 136.791391
363 399 11.231886
398 399 290.382925
364 400 11.231886
399 400 136.791391
365 401 11.231886
400 401 42.373947
366 402 11.231886
401 402 62.412015
367 403 11.231886
402 403 16.979654
368 404 11.231886
403 404 101.676825
369 405 11.231886
404 405 246.105822
370 406 11.231886
405 406 62.412015
371 407 11.231886
406 407 16.979654
372 408 11.231886
407 408 101.676825
373 409 11.231886
408 409 265.453243
376 412 11.231886
377 413 11.231886
412 413 39.777565
378 414 11.231886
413 414 1294.717858
379 415 11.231886
414 415 552.481029
380 416 11.231886
415 416 125.824222
381 417 11.231886
416 417 301.350094
382 418 11.231886
417 418 125.824222
383 419 11.231886
418 419 143.809428
384 420 11.231886
419 420 292.065140
385 421 11.231886
420 421 135.109176
388 424 11.231886
389 425 11.231886
424 425 130.907414
390 426 11.231886
425 426 13.024183
391 427 11.231886
426 427 427.174316
392 428 11.231886
427 428 61.870710
393 429 11.231886
428 429 103.290116
394 430 11.231886
429 430 320.787425
395 431 11.231886
430 431 106.386891
396 432 12.076953
397 433 12.076953
432 433 683.124940
398 434 12.076953
433 434 136.791391
399 435 12.076953
434 435 290.382925
400 436 12.076953
435 436 136.791391
401 437 12.076953
436 437 42.373947
402 438 12.076953
437 438 62.412015
403 439 12.076953
438 439 16.979654
404 440 12.076953
439 440 101.676825
405 441 12.076953
440 441 246.105822
406 442 12.076953
441 442 62.412015
407 443 12.076953
442 443 16.979654
408 444 12.076953
443 444 101.676825
409 445 12.076953
444 445 265.453243
445 446 39.777565
446 447 130.923641
412 448 12.076953
447 448 256.473109
413 449 12.076953
448 449 39.777565
414 450 12.076953
449 450 1294.717858
415 451 12.076953
450 451 552.481029
416 452 12.076953
451 452 125.824222
417 453 12.076953
452 453 301.350094
418 454 12.076953
453 454 125.824222
419 455 12.076953
454 455 143.809428
420 456 12.076953
455 456 292.065140
421 457 12.076953
456 457 135.109176
424 460 12.076953
425 461 12.076953
460 461 130.907414
426 462 12.076953
461 462 13.024183
427 463 12.076953
462 463 427.174316
428 464 12.076953
463 464 61.870710
429 465 12.076953
464 465 103.290116
430 466 12.076953
465 466 320.787425
431 467 12.076953
466 467 106.386891
432 468 119.684165
433 469 119.684165
468 469 683.124940
434 470 119.684165
469 470 136.791391
435 471 119.684165
470 471 290.382925
436 472 119.684165
471 472 136.791391
437 473 119.684165
472 473 42.373947
438 474 119.684165
473 474 62.412015
439 475 119.684165
474 475 16.979654
440 476 119.684165
475 476 101.676825
441 477 119.684165
476 477 246.105822
442 478 119.684165
477 478 62.412015
443 479 119.684165
478 479 16.979654
444 480 119.684165
479 480 101.676825
445 481 119.684165
480 481 265.453243
446 482 119.684165
481 482 39.777565
447 483 119.684165
482 483 130.923641
448 484 119.684165
483 484 256.473109
449 485 119.684165
484 485 39.777565
450 486 119.684165
485 486 1294.717858
451 487 119.684165
486 487 552.481029
452 488 119.684165
487 488 125.824222
453 489 119.684165
488 489 301.350094
454 490 119.684165
489 490 125.824222
455 491 119.684165
490 491 143.809428
456 492 119.684165
491 492 292.065140
457 493 119.684165
492 493 135.109176
493 494 48.188470
494 495 92.097600
460 496 119.684165
495 496 296.266902
461 497 119.684165
496 497 130.907414
462 498 119.684165
497 498 13.024183
463 499 119.684165
498 499 427.174316
464 500 119.684165
499 500 61.870710
465 501 119.684165
500 501 103.290116
466 502 119.684165
501 502 320.787425
467 503 119.684165
502 503 106.386891
468 504 60.140569
469 505 60.140569
504 505 683.124940
470 506 60.140569
505 506 136.791391
471 507 60.140569
506 507 290.382925
472 508 60.140569
507 508 136.791391
473 509 60.140569
508 509 42.373947
474 510 60.140569
509 510 62.412015
475 511 60.140569
510 511 16.979654
476 512 60.140569
511 512 101.676825
477 513 60.140569
512 513 246.105822
478 514 60.140569
513 514 62.412015
479 515 60.140569
514 515 16.979654
480 516 60.140569
515 516 101.676825
481 517 60.140569
516 517 265.453243
482 518 60.140569
517 518 39.777565
483 519 60.140569
518 519 130.923641
484 520 60.140569
519 520 256.473109
485 521 60.140569
520 521 39.777565
486 522 60.140569
521 522 1294.717858
487 523 60.140569
522 523 552.481029
488 524 60.140569
523 524 125.824222
489 525 60.140569
524 525 301.350094
490 526 60.140569
525 526 125.824222
491 527 60.140569
526 527 143.809428
492 528 60.140569
527 528 292.065140
493 529 60.140569
528 529 135.109176
494 530 60.140569
529 530 48.188470
495 531 60.140569
530 531 92.097600
496 532 60.140569
531 532 296.266902
497 533 60.140569
532 533 130.907414
498 534 60.140569
533 534 13.024183
499 535 60.140569
534 535 427.174316
500 536 60.140569
535 536 61.870710
501 537 60.140569
536 537 103.290116
502 538 60.140569
537 538 320.787425
503 539 60.140569
538 539 106.386891
504 540 24.568717
505 541 24.568717
540 541 683.124940
506 542 24.568717
541 542 136.791391
507 543 24.568717
542 543 290.382925
508 544 24.568717
543 544 136.791391
509 545 24.568717
544 545 42.373947
513 549 24.568717
514 550 24.568717
549 550 62.412015
515 551 24.568717
550 551 16.979654
516 552 24.568717
551 552 101.676825
517 553 24.568717
552 553 265.453243
518 554 24.568717
553 554 39.777565
519 555 24.568717
554 555 130.923641
520 556 24.568717
555 556 256.473109
521 557 24.568717
556 557 39.777565
522 558 24.568717
557 558 431.572619
523 559 24.568717
558 559 552.481029
524 560 24.568717
559 560 125.824222
525 561 24.568717
560 561 301.350094
526 562 24.568717
561 562 125.824222
527 563 24.568717
562 563 143.809428
528 564 24.568717
563 564 292.065140
529 565 24.568717
564 565 135.109176
530 566 24.568717
565 566 48.188470
531 567 24.568717
566 567 92.097600
532 568 24.568717
567 568 296.266902
533 569 24.568717
568 569 130.907414
534 570 24.568717
569 570 13.024183
535 571 24.568717
570 571 427.174316
536 572 24.568717
571 572 61.870710
537 573 24.568717
572 573 103.290116
538 574 24.568717
573 574 320.787425
539 575 24.568717
574 575 106.386891
540 576 144.133282
541 577 144.133282
576 577 683.124940
542 578 144.133282
577 578 136.791391
543 579 144.133282
578 579 290.382925
544 580 144.133282
579 580 136.791391
545 581 144.133282
580 581 42.373947
549 585 144.133282
550 586 144.133282
585 586 62.412015
551 587 144.133282
586 587 16.979654
552 588 144.133282
587 588 101.676825
553 589 144.133282
588 589 265.453243
554 590 144.133282
589 590 39.777565
555 591 144.133282
590 591 130.923641
556 592 144.133282
591 592 256.473109
557 593 144.133282
592 593 39.777565
558 594 144.133282
593 594 431.572619
559 595 144.133282
594 595 552.481029
560 596 144.133282
595 596 125.824222
561 597 144.133282
596 597 301.350094
562 598 144.133282
597 598 125.824222
563 599 144.133282
598 599 143.809428
564 600 144.133282
599 600 292.065140
565 601 144.133282
600 601 135.109176
566 602 144.133282
601 602 48.188470
567 603 144.133282
602 603 92.097600
568 604 144.133282
603 604 296.266902
569 605 144.133282
604 605 130.907414
570 606 144.133282
605 606 13.024183
571 607 144.133282
606 607 427.174316
572 608 144.133282
607 608 61.870710
573 609 144.133282
608 609 103.290116
574 610 144.133282
609 610 320.787425
575 611 144.133282
610 611 106.386891
576 612 117.462766
577 613 117.462766
612 613 683.124940
578 614 117.462766
613 614 136.791391
579 615 117.462766
614 615 290.382925
580 616 117.462766
615 616 136.791391
581 617 117.462766
616 617 42.373947
585 621 117.462766
586 622 117.462766
621 622 62.412015
587 623 117.462766
622 623 16.979654
588 624 117.462766
623 624 101.676825
589 625 117.462766
624 625 265.453243
590 626 117.462766
625 626 39.777565
591 627 117.462766
626 627 130.923641
592 628 117.462766
627 628 256.473109
593 629 117.462766
628 629 39.777565
595 631 117.462766
596 632 117.462766
631 632 125.824222
597 633 117.462766
632 633 301.350094
598 634 117.462766
633 634 125.824222
599 635 117.462766
634 635 143.809428
600 636 117.462766
635 636 292.065140
601 637 117.462766
636 637 135.109176
602 638 117.462766
637 638 48.188470
603 639 117.462766
638 639 92.097600
604 640 117.462766
639 640 296.266902
605 641 117.462766
640 641 130.907414
606 642 117.462766
641 642 13.024183
607 643 117.462766
642 643 427.174316
608 644 117.462766
643 644 61.870710
609 645 117.462766
644 645 103.290116
610 646 117.462766
645 646 320.787425
611 647 117.462766
646 647 106.386891
612 648 48.882749
613 649 48.882749
648 649 683.124940
614 650 48.882749
649 650 136.791391
615 651 48.882749
650 651 290.382925
616 652 48.882749
651 652 136.791391
617 653 48.882749
652 653 42.373947
621 657 48.882749
622 658 48.882749
657 658 62.412015
623 659 48.882749
658 659 16.979654
624 660 48.882749
659 660 101.676825
625 661 48.882749
660 661 265.453243
626 662 48.882749
661 662 39.777565
629 665 48.882749
631 667 48.882749
632 668 48.882749
667 668 125.824222
633 669 48.882749
668 669 301.350094
634 670 48.882749
669 670 125.824222
635 671 48.882749
670 671 143.809428
636 672 48.882749
671 672 292.065140
637 673 48.882749
672 673 135.109176
638 674 48.882749
673 674 48.188470
639 675 48.882749
674 675 92.097600
640 676 48.882749
675 676 296.266902
641 677 48.882749
676 677 130.907414
642 678 48.882749
677 678 13.024183
643 679 48.882749
678 679 427.174316
644 680 48.882749
679 680 61.870710
645 681 48.882749
680 681 103.290116
646 682 48.882749
681 682 320.787425
647 683 48.882749
682 683 106.386891
648 684 92.126802
649 685 92.126802
684 685 683.124940
650 686 92.126802
685 686 136.791391
651 687 92.126802
686 687 290.382925
652 688 92.126802
687 688 136.791391
653 689 92.126802
688 689 42.373947
689 690 62.412015
690 691 16.979654
691 692 101.676825
657 693 92.126802
692 693 246.105822
658 694 92.126802
693 694 62.412015
659 695 92.126802
694 695 16.979654
660 696 92.126802
695 696 101.676825
661 697 92.126802
696 697 265.453243
662 698 92.126802
697 698 39.777565
665 701 92.126802
667 703 92.126802
668 704 92.126802
703 704 125.824222
669 705 276.380407
704 705 904.050283
670 706 92.126802
705 706 377.472665
671 707 92.126802
706 707 143.809428
672 708 92.126802
707 708 292.065140
673 709 92.126802
708 709 135.109176
674 710 92.126802
709 710 48.188470
675 711 92.126802
710 711 92.097600
676 712 92.126802
711 712 296.266902
677 713 92.126802
712 713 130.907414
678 714 92.126802
713 714 13.024183
679 715 92.126802
714 715 427.174316
680 716 92.126802
715 716 61.870710
681 717 92.126802
716 717 103.290116
682 718 92.126802
717 718 320.787425
683 719 92.126802
718 719 106.386891
684 720 109.666871
685 721 109.666871
720 721 683.124940
686 722 109.666871
721 722 136.791391
687 723 109.666871
722 723 290.382925
688 724 109.666871
723 724 136.791391
689 725 109.666871
724 725 42.373947
690 726 109.666871
725 726 62.412015
691 727 109.666871
726 727 16.979654
692 728 109.666871
727 728 101.676825
693 729 109.666871
728 729 246.105822
694 730 109.666871
729 730 62.412015
695 731 109.666871
730 731 16.979654
696 732 109.666871
731 732 101.676825
697 733 109.666871
732 733 265.453243
698 734 109.666871
733 734 39.777565
701 737 109.666871
703 739 109.666871
704 740 109.666871
739 740 125.824222
705 741 329.000613
740 741 904.050283
706 742 109.666871
741 742 377.472665
707 743 109.666871
742 743 143.809428
708 744 109.666871
743 744 292.065140
709 745 109.666871
744 745 135.109176
710 746 109.666871
745 746 48.188470
711 747 109.666871
746 747 92.097600
712 748 109.666871
747 748 296.266902
713 749 109.666871
748 749 130.907414
714 750 109.666871
749 750 13.024183
715 751 109.666871
750 751 427.174316
716 752 109.666871
751 752 61.870710
717 753 109.666871
752 753 103.290116
718 754 109.666871
753 754 320.787425
719 755 109.666871
754 755 106.386891
720 756 59.035128
721 757 59.035128
756 757 683.124940
722 758 59.035128
757 758 136.791391
723 759 59.035128
758 759 290.382925
724 760 59.035128
759 760 136.791391
725 761 59.035128
760 761 42.373947
726 762 59.035128
761 762 62.412015
727 763 59.035128
762 763 16.979654
728 764 59.035128
763 764 101.676825
729 765 59.035128
764 765 246.105822
730 766 59.035128
765 766 62.412015
731 767 59.035128
766 767 16.979654
732 768 59.035128
767 768 101.676825
733 769 59.035128
768 769 265.453243
734 770 59.035128
769 770 39.777565
737 773 59.035128
773 774 431.572619
739 775 59.035128
774 775 552.481029
740 776 59.035128
775 776 125.824222
741 777 177.105385
776 777 904.050283
742 778 59.035128
777 778 377.472665
743 779 59.035128
778 779 143.809428
744 780 59.035128
779 780 292.065140
745 781 59.035128
780 781 135.109176
746 782 59.035128
781 782 48.188470
747 783 59.035128
782 783 92.097600
748 784 59.035128
783 784 296.266902
749 785 59.035128
784 785 130.907414
750 786 59.035128
785 786 13.024183
751 787 59.035128
752 788 59.035128
787 788 61.870710
753 789 59.035128
788 789 103.290116
754 790 59.035128
789 790 320.787425
755 791 59.035128
790 791 106.386891
756 792 102.764351
757 793 102.764351
792 793 683.124940
758 794 102.764351
793 794 136.791391
759 795 102.764351
794 795 290.382925
760 796 102.764351
795 796 136.791391
761 797 102.764351
796 797 42.373947
762 798 102.764351
797 798 62.412015
763 799 102.764351
798 799 16.979654
764 800 102.764351
799 800 101.676825
765 801 102.764351
800 801 246.105822
766 802 102.764351
801 802 62.412015
767 803 102.764351
802 803 16.979654
768 804 102.764351
803 804 101.676825
769 805 102.764351
804 805 265.453243
770 806 102.764351
805 806 39.777565
773 809 102.764351
774 810 102.764351
809 810 431.572619
775 811 102.764351
810 811 552.481029
776 812 102.764351
811 812 125.824222
777 813 308.293052
812 813 904.050283
778 814 102.764351
813 814 377.472665
779 815 102.764351
814 815 143.809428
780 816 102.764351
815 816 292.065140
781 817 102.764351
816 817 135.109176
782 818 102.764351
817 818 48.188470
783 819 102.764351
818 819 92.097600
784 820 102.764351
819 820 296.266902
785 821 102.764351
820 821 130.907414
786 822 102.764351
821 822 13.024183
787 823 102.764351
788 824 102.764351
823 824 61.870710
789 825 102.764351
824 825 103.290116
790 826 102.764351
825 826 320.787425
791 827 102.764351
826 827 106.386891
792 828 14.698415
793 829 14.698415
828 829 683.124940
794 830 14.698415
829 830 136.791391
795 831 14.698415
830 831 290.382925
796 832 14.698415
831 832 136.791391
797 833 14.698415
832 833 42.373947
798 834 14.698415
833 834 62.412015
799 835 14.698415
834 835 16.979654
800 836 14.698415
835 836 101.676825
801 837 14.698415
836 837 246.105822
802 838 14.698415
837 838 62.412015
803 839 14.698415
838 839 16.979654
804 840 14.698415
839 840 101.676825
805 841 14.698415
840 841 265.453243
806 842 14.698415
841 842 39.777565
842 843 130.923641
843 844 256.473109
809 845 14.698415
844 845 39.777565
810 846 14.698415
845 846 431.572619
811 847 14.698415
846 847 552.481029
812 848 14.698415
847 848 125.824222
813 849 44.095245
848 849 904.050283
814 850 14.698415
849 850 377.472665
815 851 14.698415
850 851 143.809428
816 852 14.698415
851 852 292.065140
817 853 14.698415
852 853 135.109176
818 854 14.698415
853 854 48.188470
819 855 14.698415
854 855 92.097600
820 856 14.698415
855 856 296.266902
821 857 14.698415
856 857 130.907414
822 858 14.698415
857 858 13.024183
823 859 14.698415
824 860 14.698415
859 860 61.870710
825 861 14.698415
860 861 103.290116
826 862 44.095245
861 862 962.362275
827 863 14.698415
862 863 319.160673
828 864 48.882749
829 865 48.882749
864 865 683.124940
830 866 48.882749
865 866 136.791391
831 867 48.882749
866 867 290.382925
832 868 48.882749
867 868 136.791391
833 869 48.882749
868 869 42.373947
834 870 48.882749
869 870 62.412015
835 871 48.882749
870 871 16.979654
836 872 48.882749
871 872 101.676825
837 873 48.882749
872 873 246.105822
838 874 48.882749
873 874 62.412015
839 875 48.882749
874 875 16.979654
840 876 48.882749
875 876 101.676825
841 877 48.882749
876 877 265.453243
842 878 48.882749
877 878 39.777565
843 879 48.882749
878 879 130.923641
844 880 48.882749
879 880 256.473109
845 881 48.882749
880 881 39.777565
846 882 48.882749
881 882 431.572619
847 883 48.882749
882 883 552.481029
848 884 48.882749
883 884 125.824222
849 885 146.648246
884 885 301.350094
850 886 48.882749
885 886 125.824222
851 887 48.882749
886 887 143.809428
852 888 48.882749
887 888 292.065140
853 889 48.882749
888 889 135.109176
854 890 48.882749
889 890 48.188470
855 891 48.882749
890 891 92.097600
856 892 48.882749
891 892 296.266902
857 893 48.882749
892 893 130.907414
858 894 48.882749
893 894 13.024183
859 895 48.882749
860 896 48.882749
895 896 61.870710
861 897 48.882749
896 897 103.290116
862 898 146.648246
897 898 962.362275
863 899 48.882749
898 899 319.160673
864 900 201.793673
865 901 201.793673
900 901 683.124940
866 902 201.793673
901 902 136.791391
867 903 201.793673
902 903 290.382925
868 904 201.793673
903 904 136.791391
869 905 201.793673
904 905 42.373947
870 906 201.793673
905 906 62.412015
871 907 201.793673
906 907 16.979654
872 908 201.793673
907 908 101.676825
873 909 201.793673
908 909 246.105822
874 910 201.793673
909 910 62.412015
875 911 201.793673
910 911 16.979654
876 912 201.793673
911 912 101.676825
877 913 201.793673
912 913 265.453243
878 914 201.793673
913 914 39.777565
879 915 201.793673
914 915 130.923641
880 916 201.793673
915 916 256.473109
881 917 201.793673
916 917 39.777565
882 918 201.793673
917 918 431.572619
883 919 201.793673
918 919 552.481029
884 920 201.793673
919 920 125.824222
885 921 201.793673
920 921 301.350094
886 922 201.793673
921 922 125.824222
887 923 201.793673
922 923 143.809428
888 924 201.793673
923 924 292.065140
889 925 201.793673
924 925 135.109176
890 926 201.793673
925 926 48.188470
891 927 201.793673
926 927 92.097600
892 928 201.793673
927 928 296.266902
893 929 201.793673
928 929 130.907414
894 930 201.793673
929 930 13.024183
895 931 201.793673
930 931 427.174316
896 932 201.793673
931 932 61.870710
897 933 201.793673
932 933 103.290116
898 934 605.381019
933 934 962.362275
899 935 201.793673
934 935 319.160673
900 936 151.849374
901 937 151.849374
936 937 683.124940
902 938 151.849374
937 938 136.791391
903 939 151.849374
938 939 290.382925
904 940 151.849374
939 940 136.791391
905 941 151.849374
940 941 42.373947
906 942 151.849374
941 942 62.412015
907 943 151.849374
942 943 16.979654
908 944 151.849374
943 944 101.676825
909 945 151.849374
944 945 246.105822
910 946 151.849374
945 946 62.412015
911 947 151.849374
946 947 16.979654
912 948 151.849374
947 948 101.676825
913 949 151.849374
948 949 265.453243
914 950 151.849374
949 950 39.777565
915 951 151.849374
950 951 130.923641
916 952 151.849374
951 952 256.473109
917 953 151.849374
952 953 39.777565
918 954 151.849374
953 954 431.572619
919 955 151.849374
954 955 552.481029
920 956 151.849374
955 956 125.824222
921 957 151.849374
956 957 301.350094
922 958 151.849374
957 958 125.824222
923 959 151.849374
958 959 143.809428
924 960 151.849374
959 960 292.065140
925 961 151.849374
960 961 135.109176
926 962 151.849374
961 962 48.188470
927 963 151.849374
962 963 92.097600
928 964 151.849374
963 964 296.266902
929 965 151.849374
964 965 130.907414
930 966 151.849374
965 966 13.024183
931 967 151.849374
966 967 427.174316
932 968 151.849374
967 968 61.870710
933 969 151.849374
968 969 103.290116
934 970 455.548122
969 970 962.362275
935 971 151.849374
970 971 319.160673
936 972 130.446158
937 973 130.446158
972 973 683.124940
938 974 130.446158
973 974 136.791391
939 975 130.446158
974 975 290.382925
940 976 130.446158
975 976 136.791391
941 977 130.446158
976 977 42.373947
942 978 130.446158
977 978 62.412015
943 979 130.446158
978 979 16.979654
944 980 130.446158
979 980 101.676825
945 981 130.446158
980 981 246.105822
946 982 130.446158
981 982 62.412015
947 983 130.446158
982 983 16.979654
948 984 130.446158
983 984 101.676825
949 985 130.446158
984 985 265.453243
950 986 130.446158
985 986 39.777565
951 987 130.446158
986 987 130.923641
952 988 130.446158
987 988 256.473109
953 989 130.446158
988 989 39.777565
954 990 130.446158
989 990 431.572619
955 991 130.446158
990 991 552.481029
956 992 130.446158
991 992 125.824222
957 993 130.446158
992 993 301.350094
958 994 130.446158
993 994 125.824222
959 995 391.338474
994 995 431.428283
960 996 130.446158
995 996 876.195419
961 997 130.446158
996 997 135.109176
962 998 130.446158
997 998 48.188470
963 999 130.446158
998 999 92.097600
964 1000 130.446158
999 1000 296.266902
965 1001 130.446158
1000 1001 130.907414
966 1002 130.446158
1001 1002 13.024183
967 1003 130.446158
1002 1003 427.174316
968 1004 130.446158
1003 1004 61.870710
969 1005 130.446158
1004 1005 103.290116
970 1006 391.338474
1005 1006 320.787425
971 1007 130.446158
1006 1007 106.386891
972 1008 64.059754
973 1009 64.059754
1008 1009 683.124940
974 1010 64.059754
1009 1010 136.791391
975 1011 64.059754
1010 1011 290.382925
976 1012 64.059754
1011 1012 136.791391
977 1013 64.059754
1012 1013 42.373947
978 1014 64.059754
1013 1014 62.412015
979 1015 64.059754
1014 1015 16.979654
980 1016 64.059754
1015 1016 101.676825
981 1017 64.059754
1016 1017 246.105822
982 1018 64.059754
1017 1018 62.412015
983 1019 64.059754
1018 1019 16.979654
984 1020 64.059754
1019 1020 101.676825
985 1021 64.059754
1020 1021 265.453243
986 1022 64.059754
1021 1022 39.777565
987 1023 64.059754
1022 1023 130.923641
988 1024 64.059754
1023 1024 256.473109
989 1025 64.059754
1024 1025 39.777565
990 1026 64.059754
1025 1026 431.572619
991 1027 64.059754
1026 1027 552.481029
992 1028 64.059754
1027 1028 125.824222
993 1029 64.059754
1028 1029 301.350094
994 1030 64.059754
1029 1030 125.824222
995 1031 192.179263
1030 1031 431.428283
996 1032 64.059754
1031 1032 876.195419
997 1033 64.059754
1032 1033 135.109176
998 1034 64.059754
1033 1034 48.188470
999 1035 64.059754
1034 1035 92.097600
1000 1036 64.059754
1035 1036 296.266902
1001 1037 64.059754
1036 1037 130.907414
1002 1038 64.059754
1037 1038 13.024183
1003 1039 64.059754
1038 1039 427.174316
1004 1040 64.059754
1039 1040 61.870710
1005 1041 64.059754
1040 1041 103.290116
1006 1042 64.059754
1041 1042 320.787425
1007 1043 64.059754
1042 1043 106.386891
1008 1044 125.338170
1009 1045 125.338170
1044 1045 683.124940
1010 1046 125.338170
1045 1046 136.791391
1012 1048 125.338170
1013 1049 125.338170
1048 1049 42.373947
1014 1050 125.338170
1049 1050 62.412015
1015 1051 125.338170
1050 1051 16.979654
1016 1052 125.338170
1051 1052 101.676825
1017 1053 125.338170
1052 1053 246.105822
1018 1054 125.338170
1053 1054 62.412015
1019 1055 125.338170
1054 1055 16.979654
1020 1056 125.338170
1055 1056 101.676825
1021 1057 125.338170
1056 1057 265.453243
1022 1058 125.338170
1057 1058 39.777565
1023 1059 125.338170
1058 1059 130.923641
1024 1060 125.338170
1059 1060 256.473109
1025 1061 125.338170
1060 1061 39.777565
1026 1062 125.338170
1061 1062 431.572619
1027 1063 125.338170
1062 1063 552.481029
1028 1064 125.338170
1063 1064 125.824222
1029 1065 125.338170
1064 1065 301.350094
1030 1066 125.338170
1065 1066 125.824222
1031 1067 376.014509
1066 1067 431.428283
1032 1068 125.338170
1067 1068 876.195419
1033 1069 125.338170
1068 1069 135.109176
1034 1070 125.338170
1069 1070 48.188470
1035 1071 125.338170
1070 1071 92.097600
1036 1072 125.338170
1071 1072 296.266902
1037 1073 125.338170
1072 1073 130.907414
1038 1074 125.338170
1073 1074 13.024183
1039 1075 125.338170
1074 1075 427.174316
1040 1076 125.338170
1075 1076 61.870710
1041 1077 125.338170
1076 1077 103.290116
1042 1078 125.338170
1077 1078 320.787425
1043 1079 125.338170
1078 1079 106.386891
1044 1080 107.330234
1045 1081 107.330234
1080 1081 683.124940
1046 1082 107.330234
1081 1082 136.791391
1048 1084 107.330234
1049 1085 107.330234
1084 1085 42.373947
1050 1086 107.330234
1085 1086 62.412015
1051 1087 107.330234
1086 1087 16.979654
1052 1088 107.330234
1087 1088 101.676825
1053 1089 321.990701
1088 1089 738.317465
1054 1090 321.990701
1089 1090 187.236046
1055 1091 321.990701
1090 1091 50.938963
1056 1092 107.330234
1091 1092 305.030474
1057 1093 107.330234
1092 1093 265.453243
1058 1094 107.330234
1093 1094 39.777565
1059 1095 107.330234
1094 1095 130.923641
1060 1096 107.330234
1095 1096 256.473109
1061 1097 107.330234
1096 1097 39.777565
1062 1098 107.330234
1097 1098 431.572619
1063 1099 107.330234
1098 1099 552.481029
1064 1100 107.330234
1099 1100 125.824222
1065 1101 107.330234
1100 1101 301.350094
1066 1102 107.330234
1101 1102 125.824222
1067 1103 321.990701
1102 1103 143.809428
1068 1104 107.330234
1103 1104 292.065140
1069 1105 107.330234
1104 1105 135.109176
1070 1106 107.330234
1105 1106 48.188470
1071 1107 107.330234
1106 1107 92.097600
1072 1108 107.330234
1107 1108 296.266902
1073 1109 107.330234
1108 1109 130.907414
1074 1110 107.330234
1109 1110 13.024183
1075 1111 107.330234
1110 1111 427.174316
1076 1112 107.330234
1111 1112 61.870710
1077 1113 107.330234
1112 1113 103.290116
1078 1114 107.330234
1113 1114 320.787425
1079 1115 107.330234
1114 1115 106.386891
1080 1116 106.190891
1081 1117 106.190891
1116 1117 683.124940
1082 1118 106.190891
1117 1118 136.791391
1084 1120 106.190891
1085 1121 106.190891
1120 1121 42.373947
1086 1122 106.190891
1121 1122 62.412015
1087 1123 106.190891
1122 1123 16.979654
1088 1124 106.190891
1123 1124 101.676825
1089 1125 318.572672
1124 1125 738.317465
1090 1126 318.572672
1125 1126 187.236046
1091 1127 318.572672
1126 1127 50.938963
1092 1128 106.190891
1127 1128 305.030474
1093 1129 106.190891
1128 1129 265.453243
1094 1130 106.190891
1129 1130 39.777565
1095 1131 106.190891
1130 1131 130.923641
1096 1132 106.190891
1131 1132 256.473109
1097 1133 106.190891
1132 1133 39.777565
1098 1134 106.190891
1133 1134 431.572619
1099 1135 106.190891
1134 1135 552.481029
1100 1136 106.190891
1135 1136 125.824222
1101 1137 106.190891
1136 1137 301.350094
1102 1138 106.190891
1137 1138 125.824222
1103 1139 106.190891
1138 1139 143.809428
1104 1140 106.190891
1139 1140 292.065140
1105 1141 106.190891
1140 1141 135.109176
1106 1142 106.190891
1141 1142 48.188470
1107 1143 106.190891
1142 1143 92.097600
1108 1144 106.190891
1143 1144 296.266902
1109 1145 106.190891
1144 1145 130.907414
1110 1146 106.190891
1145 1146 13.024183
1111 1147 106.190891
1146 1147 427.174316
1112 1148 106.190891
1147 1148 61.870710
1113 1149 106.190891
1148 1149 103.290116
1114 1150 106.190891
1149 1150 320.787425
1115 1151 106.190891
1150 1151 106.386891
1116 1152 88.315022
1117 1153 88.315022
1152 1153 683.124940
1118 1154 88.315022
1153 1154 136.791391
1154 1155 290.382925
1120 1156 88.315022
1155 1156 136.791391
1121 1157 88.315022
1156 1157 42.373947
1122 1158 88.315022
1157 1158 62.412015
1123 1159 88.315022
1158 1159 16.979654
1124 1160 88.315022
1159 1160 101.676825
1125 1161 264.945065
1160 1161 738.317465
1126 1162 264.945065
1161 1162 187.236046
1127 1163 264.945065
1162 1163 50.938963
1128 1164 88.315022
1163 1164 305.030474
1129 1165 264.945065
1164 1165 796.359729
1130 1166 264.945065
1165 1166 119.332696
1131 1167 88.315022
1166 1167 392.770924
1132 1168 88.315022
1167 1168 256.473109
1133 1169 88.315022
1168 1169 39.777565
1134 1170 88.315022
1169 1170 431.572619
1135 1171 88.315022
1170 1171 552.481029
1136 1172 88.315022
1171 1172 125.824222
1137 1173 88.315022
1172 1173 301.350094
1138 1174 88.315022
1173 1174 125.824222
1139 1175 88.315022
1174 1175 143.809428
1140 1176 88.315022
1175 1176 292.065140
1141 1177 88.315022
1176 1177 135.109176
1142 1178 88.315022
1177 1178 48.188470
1143 1179 88.315022
1178 1179 92.097600
1144 1180 88.315022
1179 1180 296.266902
1145 1181 88.315022
1180 1181 130.907414
1146 1182 88.315022
1181 1182 13.024183
1147 1183 88.315022
1182 1183 427.174316
1148 1184 88.315022
1183 1184 61.870710
1149 1185 88.315022
1184 1185 103.290116
1150 1186 88.315022
1185 1186 320.787425
1151 1187 88.315022
1186 1187 106.386891
1152 1188 125.338170
1153 1189 125.338170
1188 1189 683.124940
1154 1190 125.338170
1189 1190 136.791391
1155 1191 125.338170
1190 1191 290.382925
1156 1192 125.338170
1191 1192 136.791391
1157 1193 125.338170
1192 1193 42.373947
1158 1194 125.338170
1193 1194 62.412015
1159 1195 125.338170
1194 1195 16.979654
1160 1196 125.338170
1195 1196 101.676825
1161 1197 376.014509
1196 1197 246.105822
1162 1198 376.014509
1197 1198 62.412015
1163 1199 376.014509
1198 1199 16.979654
1164 1200 125.338170
1199 1200 101.676825
1165 1201 376.014509
1200 1201 796.359729
1166 1202 376.014509
1201 1202 119.332696
1167 1203 125.338170
1202 1203 392.770924
1168 1204 125.338170
1203 1204 256.473109
1169 1205 125.338170
1204 1205 39.777565
1170 1206 125.338170
1205 1206 431.572619
1171 1207 125.338170
1206 1207 552.481029
1172 1208 125.338170
1207 1208 125.824222
1173 1209 125.338170
1208 1209 301.350094
1174 1210 125.338170
1209 1210 125.824222
1175 1211 125.338170
1210 1211 143.809428
1176 1212 125.338170
1211 1212 292.065140
1177 1213 125.338170
1212 1213 135.109176
1178 1214 125.338170
1213 1214 48.188470
1179 1215 125.338170
1214 1215 92.097600
1180 1216 125.338170
1215 1216 296.266902
1181 1217 125.338170
1216 1217 130.907414
1182 1218 125.338170
1217 1218 13.024183
1183 1219 125.338170
1218 1219 427.174316
1184 1220 125.338170
1219 1220 61.870710
1185 1221 125.338170
1220 1221 103.290116
1186 1222 125.338170
1221 1222 320.787425
1187 1223 125.338170
1222 1223 106.386891
1188 1224 64.375730
1189 1225 64.375730
1224 1225 683.124940
1190 1226 64.375730
1225 1226 136.791391
1191 1227 64.375730
1226 1227 290.382925
1192 1228 64.375730
1227 1228 136.791391
1193 1229 64.375730
1228 1229 42.373947
1194 1230 64.375730
1229 1230 62.412015
1195 1231 64.375730
1230 1231 16.979654
1196 1232 64.375730
1231 1232 101.676825
1197 1233 64.375730
1232 1233 246.105822
1198 1234 64.375730
1233 1234 62.412015
1199 1235 64.375730
1234 1235 16.979654
1200 1236 64.375730
1235 1236 101.676825
1201 1237 193.127191
1236 1237 796.359729
1202 1238 193.127191
1237 1238 119.332696
1203 1239 64.375730
1238 1239 392.770924
1204 1240 64.375730
1239 1240 256.473109
1205 1241 64.375730
1240 1241 39.777565
1206 1242 64.375730
1241 1242 431.572619
1207 1243 64.375730
1242 1243 552.481029
1208 1244 64.375730
1243 1244 125.824222
1209 1245 64.375730
1244 1245 301.350094
1210 1246 64.375730
1245 1246 125.824222
1211 1247 64.375730
1246 1247 143.809428
1212 1248 64.375730
1247 1248 292.065140
1213 1249 64.375730
1248 1249 135.109176
1214 1250 64.375730
1249 1250 48.188470
1215 1251 64.375730
1250 1251 92.097600
1216 1252 64.375730
1251 1252 296.266902
1217 1253 64.375730
1252 1253 130.907414
1218 1254 64.375730
1253 1254 13.024183
1219 1255 64.375730
1254 1255 427.174316
1220 1256 64.375730
1255 1256 61.870710
1221 1257 64.375730
1256 1257 103.290116
1222 1258 64.375730
1257 1258 320.787425
1223 1259 64.375730
1258 1259 106.386891
1224 1260 149.145394
1225 1261 149.145394
1260 1261 683.124940
1226 1262 149.145394
1261 1262 136.791391
1227 1263 149.145394
1262 1263 290.382925
1228 1264 149.145394
1263 1264 136.791391
1229 1265 149.145394
1264 1265 42.373947
1230 1266 149.145394
1265 1266 62.412015
1231 1267 447.436182
1266 1267 50.938963
1232 1268 447.436182
1267 1268 305.030474
1233 1269 447.436182
1268 1269 738.317465
1234 1270 447.436182
1269 1270 187.236046
1235 1271 149.145394
1270 1271 50.938963
1236 1272 149.145394
1271 1272 101.676825
1237 1273 447.436182
1272 1273 265.453243
1238 1274 447.436182
1273 1274 39.777565
1239 1275 149.145394
1274 1275 130.923641
1240 1276 149.145394
1275 1276 256.473109
1241 1277 149.145394
1276 1277 39.777565
1242 1278 149.145394
1277 1278 431.572619
1243 1279 149.145394
1278 1279 552.481029
1244 1280 149.145394
1279 1280 125.824222
1245 1281 149.145394
1280 1281 301.350094
1246 1282 149.145394
1281 1282 125.824222
1247 1283 149.145394
1282 1283 143.809428
1248 1284 149.145394
1283 1284 292.065140
1249 1285 149.145394
1284 1285 135.109176
1250 1286 149.145394
1285 1286 48.188470
1251 1287 149.145394
1286 1287 92.097600
1252 1288 149.145394
1287 1288 296.266902
1253 1289 149.145394
1288 1289 130.907414
1254 1290 149.145394
1289 1290 13.024183
1255 1291 149.145394
1290 1291 427.174316
1256 1292 149.145394
1291 1292 61.870710
1257 1293 149.145394
1292 1293 103.290116
1258 1294 149.145394
1293 1294 320.787425
1259 1295 149.145394
1294 1295 106.386891
1260 1296 278.028922
1261 1297 278.028922
1296 1297 683.124940
1262 1298 278.028922
1297 1298 136.791391
1263 1299 278.028922
1298 1299 290.382925
1264 1300 278.028922
1299 1300 136.791391
1265 1301 278.028922
1300 1301 42.373947
1266 1302 278.028922
1301 1302 62.412015
1267 1303 834.086766
1302 1303 16.979654
1268 1304 834.086766
1303 1304 101.676825
1269 1305 834.086766
1304 1305 246.105822
1270 1306 834.086766
1305 1306 62.412015
1271 1307 278.028922
1306 1307 16.979654
1272 1308 278.028922
1307 1308 101.676825
1273 1309 278.028922
1308 1309 265.453243
1274 1310 278.028922
1309 1310 39.777565
1275 1311 278.028922
1310 1311 130.923641
1276 1312 278.028922
1311 1312 256.473109
1277 1313 278.028922
1312 1313 39.777565
1278 1314 278.028922
1313 1314 431.572619
1279 1315 278.028922
1314 1315 552.481029
1280 1316 278.028922
1315 1316 125.824222
1281 1317 278.028922
1316 1317 301.350094
1282 1318 278.028922
1317 1318 125.824222
1283 1319 278.028922
1318 1319 143.809428
1284 1320 278.028922
1319 1320 292.065140
1285 1321 278.028922
1320 1321 135.109176
1286 1322 278.028922
1321 1322 48.188470
1287 1323 278.028922
1322 1323 92.097600
1288 1324 278.028922
1323 1324 296.266902
1289 1325 278.028922
1324 1325 130.907414
1290 1326 278.028922
1325 1326 13.024183
1291 1327 278.028922
1326 1327 427.174316
1292 1328 278.028922
1327 1328 61.870710
1293 1329 278.028922
1328 1329 103.290116
1294 1330 278.028922
1329 1330 320.787425
1295 1331 278.028922
1330 1331 106.386891
1296 1332 78.434205
1297 1333 78.434205
1332 1333 683.124940
1298 1334 78.434205
1333 1334 136.791391
1299 1335 78.434205
1334 1335 290.382925
1300 1336 78.434205
1335 1336 136.791391
1301 1337 78.434205
1336 1337 42.373947
1302 1338 78.434205
1337 1338 62.412015
1303 1339 78.434205
1338 1339 16.979654
1304 1340 78.434205
1339 1340 101.676825
1305 1341 78.434205
1340 1341 246.105822
1306 1342 78.434205
1341 1342 62.412015
1307 1343 78.434205
1342 1343 16.979654
1308 1344 78.434205
1343 1344 101.676825
1309 1345 78.434205
1344 1345 265.453243
1310 1346 78.434205
1345 1346 39.777565
1311 1347 78.434205
1346 1347 130.923641
1312 1348 78.434205
1347 1348 256.473109
1313 1349 78.434205
1348 1349 39.777565
1314 1350 78.434205
1349 1350 431.572619
1315 1351 78.434205
1350 1351 552.481029
1316 1352 78.434205
1351 1352 125.824222
1317 1353 78.434205
1352 1353 301.350094
1318 1354 78.434205
1353 1354 125.824222
1319 1355 78.434205
1354 1355 143.809428
1320 1356 78.434205
1355 1356 292.065140
1321 1357 78.434205
1356 1357 135.109176
1322 1358 78.434205
1357 1358 48.188470
1323 1359 78.434205
1358 1359 92.097600
1324 1360 78.434205
1359 1360 296.266902
1325 1361 78.434205
1360 1361 130.907414
1326 1362 78.434205
1361 1362 13.024183
1327 1363 78.434205
1362 1363 427.174316
1328 1364 78.434205
1363 1364 61.870710
1329 1365 78.434205
1364 1365 103.290116
1330 1366 78.434205
1365 1366 320.787425
1331 1367 78.434205
1366 1367 106.386891
1332 1368 161.698234
1333 1369 161.698234
1368 1369 683.124940
1334 1370 161.698234
1369 1370 136.791391
1335 1371 161.698234
1370 1371 290.382925
1336 1372 161.698234
1371 1372 136.791391
1337 1373 161.698234
1372 1373 42.373947
1338 1374 161.698234
1373 1374 62.412015
1339 1375 161.698234
1374 1375 16.979654
1340 1376 161.698234
1375 1376 101.676825
1341 1377 161.698234
1376 1377 246.105822
1342 1378 161.698234
1377 1378 62.412015
1343 1379 161.698234
1378 1379 16.979654
1344 1380 161.698234
1379 1380 101.676825
1345 1381 161.698234
1380 1381 265.453243
1346 1382 161.698234
1381 1382 39.777565
1347 1383 161.698234
1382 1383 130.923641
1348 1384 161.698234
1383 1384 256.473109
1349 1385 161.698234
1384 1385 39.777565
1350 1386 161.698234
1385 1386 431.572619
1351 1387 161.698234
1386 1387 552.481029
1352 1388 161.698234
1387 1388 125.824222
1353 1389 161.698234
1388 1389 301.350094
1354 1390 161.698234
1389 1390 125.824222
1355 1391 161.698234
1390 1391 143.809428
1356 1392 161.698234
1391 1392 292.065140
1357 1393 161.698234
1392 1393 135.109176
1358 1394 161.698234
1393 1394 48.188470
1359 1395 161.698234
1394 1395 92.097600
1360 1396 161.698234
1395 1396 296.266902
1361 1397 161.698234
1396 1397 130.907414
1362 1398 161.698234
1397 1398 13.024183
1363 1399 161.698234
1398 1399 427.174316
1364 1400 161.698234
1399 1400 61.870710
1365 1401 161.698234
1400 1401 103.290116
1366 1402 161.698234
1401 1402 320.787425
1367 1403 161.698234
1402 1403 106.386891
1368 1404 331.202154
1369 1405 331.202154
1404 1405 683.124940
1370 1406 331.202154
1405 1406 136.791391
1371 1407 331.202154
1406 1407 290.382925
1372 1408 331.202154
1407 1408 136.791391
1373 1409 331.202154
1408 1409 42.373947
1374 1410 331.202154
1409 1410 62.412015
1375 1411 331.202154
1410 1411 16.979654
1376 1412 331.202154
1411 1412 101.676825
1377 1413 331.202154
1412 1413 246.105822
1378 1414 331.202154
1413 1414 62.412015
1379 1415 331.202154
1414 1415 16.979654
1380 1416 331.202154
1415 1416 101.676825
1381 1417 331.202154
1416 1417 265.453243
1382 1418 331.202154
1417 1418 39.777565
1383 1419 331.202154
1418 1419 130.923641
1384 1420 331.202154
1419 1420 256.473109
1385 1421 331.202154
1420 1421 39.777565
1386 1422 331.202154
1421 1422 431.572619
1387 1423 331.202154
1422 1423 552.481029
1388 1424 331.202154
1423 1424 125.824222
1389 1425 331.202154
1424 1425 301.350094
1390 1426 331.202154
1425 1426 125.824222
1391 1427 331.202154
1426 1427 143.809428
1392 1428 331.202154
1427 1428 292.065140
1393 1429 331.202154
1428 1429 135.109176
1394 1430 331.202154
1429 1430 48.188470
1395 1431 331.202154
1430 1431 92.097600
1397 1433 331.202154
1398 1434 331.202154
1433 1434 13.024183
1399 1435 331.202154
1434 1435 427.174316
1400 1436 331.202154
1435 1436 61.870710
1401 1437 331.202154
1436 1437 103.290116
1402 1438 331.202154
1437 1438 320.787425
1403 1439 331.202154
1438 1439 106.386891
1404 1440 78.381112
1405 1441 78.381112
1440 1441 683.124940
1406 1442 78.381112
1441 1442 136.791391
1407 1443 78.381112
1442 1443 290.382925
1408 1444 78.381112
1443 1444 136.791391
1409 1445 78.381112
1444 1445 42.373947
1410 1446 78.381112
1445 1446 62.412015
1411 1447 78.381112
1446 1447 16.979654
1412 1448 235.143336
1447 1448 305.030474
1413 1449 235.143336
1448 1449 738.317465
1414 1450 235.143336
1449 1450 187.236046
1415 1451 78.381112
1450 1451 50.938963
1416 1452 78.381112
1451 1452 101.676825
1417 1453 78.381112
1452 1453 265.453243
1418 1454 78.381112
1453 1454 39.777565
1419 1455 78.381112
1454 1455 130.923641
1420 1456 78.381112
1455 1456 256.473109
1421 1457 78.381112
1456 1457 39.777565
1422 1458 78.381112
1457 1458 431.572619
1423 1459 78.381112
1458 1459 552.481029
1424 1460 78.381112
1459 1460 125.824222
1425 1461 78.381112
1460 1461 301.350094
1426 1462 78.381112
1461 1462 125.824222
1427 1463 78.381112
1462 1463 143.809428
1428 1464 78.381112
1463 1464 292.065140
1429 1465 78.381112
1464 1465 135.109176
1430 1466 78.381112
1465 1466 48.188470
1431 1467 78.381112
1466 1467 92.097600
1433 1469 78.381112
1434 1470 78.381112
1469 1470 13.024183
1435 1471 78.381112
1470 1471 427.174316
1436 1472 78.381112
1471 1472 61.870710
1437 1473 78.381112
1472 1473 103.290116
1438 1474 78.381112
1473 1474 320.787425
1439 1475 78.381112
1474 1475 106.386891
1440 1476 17.591050
1441 1477 17.591050
1476 1477 683.124940
1442 1478 17.591050
1477 1478 136.791391
1443 1479 17.591050
1478 1479 290.382925
1444 1480 17.591050
1479 1480 136.791391
1445 1481 17.591050
1480 1481 42.373947
1446 1482 17.591050
1481 1482 62.412015
1447 1483 17.591050
1482 1483 16.979654
1448 1484 52.773150
1483 1484 305.030474
1449 1485 52.773150
1484 1485 738.317465
1450 1486 52.773150
1485 1486 187.236046
1451 1487 17.591050
1486 1487 50.938963
1452 1488 17.591050
1487 1488 101.676825
1453 1489 17.591050
1488 1489 265.453243
1454 1490 17.591050
1489 1490 39.777565
1455 1491 17.591050
1490 1491 130.923641
1456 1492 17.591050
1491 1492 256.473109
1457 1493 17.591050
1492 1493 39.777565
1458 1494 17.591050
1493 1494 431.572619
1459 1495 17.591050
1494 1495 552.481029
1460 1496 17.591050
1495 1496 125.824222
1461 1497 17.591050
1496 1497 301.350094
1462 1498 17.591050
1497 1498 125.824222
1463 1499 17.591050
1498 1499 143.809428
1464 1500 17.591050
1499 1500 292.065140
1465 1501 17.591050
1500 1501 135.109176
1466 1502 17.591050
1501 1502 48.188470
1467 1503 17.591050
1502 1503 92.097600
1503 1504 296.266902
1469 1505 17.591050
1504 1505 130.907414
1470 1506 17.591050
1505 1506 13.024183
1471 1507 17.591050
1506 1507 427.174316
1472 1508 17.591050
1507 1508 61.870710
1473 1509 17.591050
1508 1509 103.290116
1474 1510 17.591050
1509 1510 320.787425
1475 1511 17.591050
1510 1511 106.386891
1476 1512 331.202154
1477 1513 331.202154
1512 1513 683.124940
1478 1514 331.202154
1513 1514 136.791391
1479 1515 331.202154
1514 1515 290.382925
1480 1516 331.202154
1515 1516 136.791391
1481 1517 331.202154
1516 1517 42.373947
1482 1518 331.202154
1517 1518 62.412015
1483 1519 331.202154
1518 1519 16.979654
1484 1520 993.606462
1519 1520 101.676825
1485 1521 993.606462
1520 1521 246.105822
1486 1522 993.606462
1521 1522 62.412015
1487 1523 331.202154
1522 1523 16.979654
1488 1524 331.202154
1523 1524 101.676825
1489 1525 331.202154
1524 1525 265.453243
1490 1526 331.202154
1525 1526 39.777565
1491 1527 331.202154
1526 1527 130.923641
1492 1528 331.202154
1527 1528 256.473109
1493 1529 331.202154
1528 1529 39.777565
1494 1530 331.202154
1529 1530 431.572619
1495 1531 331.202154
1530 1531 552.481029
1496 1532 331.202154
1531 1532 125.824222
1497 1533 331.202154
1532 1533 301.350094
1498 1534 331.202154
1533 1534 125.824222
1499 1535 331.202154
1534 1535 143.809428
1500 1536 331.202154
1535 1536 292.065140
1501 1537 331.202154
1536 1537 135.109176
1502 1538 331.202154
1537 1538 48.188470
1503 1539 331.202154
1538 1539 92.097600
1504 1540 331.202154
1539 1540 296.266902
1505 1541 331.202154
1540 1541 130.907414
1506 1542 331.202154
1541 1542 13.024183
1507 1543 331.202154
1542 1543 427.174316
1508 1544 331.202154
1543 1544 61.870710
1509 1545 331.202154
1544 1545 103.290116
1510 1546 331.202154
1545 1546 320.787425
1511 1547 331.202154
1546 1547 106.386891
