226.517015 427.032104 0.000000
226.517015 1110.157043 0.000000
226.517015 1246.948434 0.000000
226.517015 1537.331359 0.000000
226.517015 1674.122750 0.000000
226.517015 1716.496698 0.000000
226.517015 1778.908713 0.000000
226.517015 1795.888367 0.000000
226.517015 1897.565192 0.000000
226.517015 2143.671013 0.000000
226.517015 2206.083029 0.000000
226.517015 2223.062683 0.000000
226.517015 2324.739508 0.000000
226.517015 2590.192751 0.000000
226.517015 2629.970316 0.000000
226.517015 2760.893957 0.000000
226.517015 3017.367067 0.000000
226.517015 3057.144632 0.000000
226.517015 3488.717251 0.000000
226.517015 4041.198280 0.000000
226.517015 4167.022502 0.000000
226.517015 4468.372596 0.000000
226.517015 4594.196818 0.000000
226.517015 4738.006246 0.000000
226.517015 5030.071385 0.000000
226.517015 5165.180561 0.000000
226.517015 5213.369032 0.000000
226.517015 5305.466632 0.000000
226.517015 5601.733534 0.000000
226.517015 5732.640948 0.000000
226.517015 5745.665131 0.000000
226.517015 6172.839447 0.000000
226.517015 6234.710157 0.000000
226.517015 6338.000273 0.000000
226.517015 6658.787698 0.000000
226.517015 6765.174589 0.000000
358.922037 427.032104 0.000000
358.922037 1110.157043 0.000000
358.922037 1246.948434 0.000000
358.922037 1537.331359 0.000000
358.922037 1674.122750 0.000000
358.922037 1716.496698 0.000000
358.922037 1778.908713 0.000000
358.922037 1795.888367 0.000000
358.922037 1897.565192 0.000000
358.922037 2143.671013 0.000000
358.922037 2206.083029 0.000000
358.922037 2223.062683 0.000000
358.922037 2324.739508 0.000000
358.922037 2590.192751 0.000000
358.922037 2629.970316 0.000000
358.922037 2760.893957 0.000000
358.922037 3017.367067 0.000000
358.922037 3057.144632 0.000000
358.922037 3488.717251 0.000000
358.922037 4041.198280 0.000000
358.922037 4167.022502 0.000000
358.922037 4468.372596 0.000000
358.922037 4594.196818 0.000000
358.922037 4738.006246 0.000000
358.922037 5030.071385 0.000000
358.922037 5165.180561 0.000000
358.922037 5213.369032 0.000000
358.922037 5305.466632 0.000000
358.922037 5601.733534 0.000000
358.922037 5732.640948 0.000000
358.922037 5745.665131 0.000000
358.922037 6172.839447 0.000000
358.922037 6234.710157 0.000000
358.922037 6338.000273 0.000000
358.922037 6658.787698 0.000000
358.922037 6765.174589 0.000000
544.964433 427.032104 0.000000
544.964433 1110.157043 0.000000
544.964433 1246.948434 0.000000
544.964433 1537.331359 0.000000
544.964433 1674.122750 0.000000
544.964433 1716.496698 0.000000
544.964433 1778.908713 0.000000
544.964433 1795.888367 0.000000
544.964433 1897.565192 0.000000
544.964433 2143.671013 0.000000
544.964433 2206.083029 0.000000
544.964433 2223.062683 0.000000
544.964433 2324.739508 0.000000
544.964433 2590.192751 0.000000
544.964433 2629.970316 0.000000
544.964433 2760.893957 0.000000
544.964433 3017.367067 0.000000
544.964433 3057.144632 0.000000
544.964433 3488.717251 0.000000
544.964433 4041.198280 0.000000
544.964433 4167.022502 0.000000
544.964433 4468.372596 0.000000
544.964433 4594.196818 0.000000
544.964433 4738.006246 0.000000
544.964433 5030.071385 0.000000
544.964433 5165.180561 0.000000
544.964433 5213.369032 0.000000
544.964433 5305.466632 0.000000
544.964433 5601.733534 0.000000
544.964433 5732.640948 0.000000
544.964433 5745.665131 0.000000
544.964433 6172.839447 0.000000
544.964433 6234.710157 0.000000
544.964433 6338.000273 0.000000
544.964433 6658.787698 0.000000
544.964433 6765.174589 0.000000
786.096353 427.032104 0.000000
786.096353 1110.157043 0.000000
786.096353 1246.948434 0.000000
786.096353 1537.331359 0.000000
786.096353 1674.122750 0.000000
786.096353 1716.496698 0.000000
786.096353 1778.908713 0.000000
786.096353 1795.888367 0.000000
786.096353 1897.565192 0.000000
786.096353 2143.671013 0.000000
786.096353 2206.083029 0.000000
786.096353 2223.062683 0.000000
786.096353 2324.739508 0.000000
786.096353 2590.192751 0.000000
786.096353 2629.970316 0.000000
786.096353 2760.893957 0.000000
786.096353 3017.367067 0.000000
786.096353 3057.144632 0.000000
786.096353 3488.717251 0.000000
786.096353 4041.198280 0.000000
786.096353 4167.022502 0.000000
786.096353 4468.372596 0.000000
786.096353 4594.196818 0.000000
786.096353 4738.006246 0.000000
786.096353 5030.071385 0.000000
786.096353 5165.180561 0.000000
786.096353 5213.369032 0.000000
786.096353 5305.466632 0.000000
786.096353 5601.733534 0.000000
786.096353 5732.640948 0.000000
786.096353 5745.665131 0.000000
786.096353 6172.839447 0.000000
786.096353 6234.710157 0.000000
786.096353 6338.000273 0.000000
786.096353 6658.787698 0.000000
786.096353 6765.174589 0.000000
863.803260 427.032104 0.000000
863.803260 1110.157043 0.000000
863.803260 1246.948434 0.000000
863.803260 1537.331359 0.000000
863.803260 1674.122750 0.000000
863.803260 1716.496698 0.000000
863.803260 1778.908713 0.000000
863.803260 1795.888367 0.000000
863.803260 1897.565192 0.000000
863.803260 2143.671013 0.000000
863.803260 2206.083029 0.000000
863.803260 2223.062683 0.000000
863.803260 2324.739508 0.000000
863.803260 2590.192751 0.000000
863.803260 2629.970316 0.000000
863.803260 2760.893957 0.000000
863.803260 3017.367067 0.000000
863.803260 3057.144632 0.000000
863.803260 3488.717251 0.000000
863.803260 4041.198280 0.000000
863.803260 4167.022502 0.000000
863.803260 4468.372596 0.000000
863.803260 4594.196818 0.000000
863.803260 4738.006246 0.000000
863.803260 5030.071385 0.000000
863.803260 5165.180561 0.000000
863.803260 5213.369032 0.000000
863.803260 5305.466632 0.000000
863.803260 5601.733534 0.000000
863.803260 5732.640948 0.000000
863.803260 5745.665131 0.000000
863.803260 6172.839447 0.000000
863.803260 6234.710157 0.000000
863.803260 6338.000273 0.000000
863.803260 6658.787698 0.000000
863.803260 6765.174589 0.000000
875.035145 427.032104 0.000000
875.035145 1110.157043 0.000000
875.035145 1246.948434 0.000000
875.035145 1537.331359 0.000000
875.035145 1674.122750 0.000000
875.035145 1716.496698 0.000000
875.035145 1778.908713 0.000000
875.035145 1795.888367 0.000000
875.035145 1897.565192 0.000000
875.035145 2143.671013 0.000000
875.035145 2206.083029 0.000000
875.035145 2223.062683 0.000000
875.035145 2324.739508 0.000000
875.035145 2590.192751 0.000000
875.035145 2629.970316 0.000000
875.035145 2760.893957 0.000000
875.035145 3017.367067 0.000000
875.035145 3057.144632 0.000000
875.035145 3488.717251 0.000000
875.035145 4041.198280 0.000000
875.035145 4167.022502 0.000000
875.035145 4468.372596 0.000000
875.035145 4594.196818 0.000000
875.035145 4738.006246 0.000000
875.035145 5030.071385 0.000000
875.035145 5165.180561 0.000000
875.035145 5213.369032 0.000000
875.035145 5305.466632 0.000000
875.035145 5601.733534 0.000000
875.035145 5732.640948 0.000000
875.035145 5745.665131 0.000000
875.035145 6172.839447 0.000000
875.035145 6234.710157 0.000000
875.035145 6338.000273 0.000000
875.035145 6658.787698 0.000000
875.035145 6765.174589 0.000000
887.112098 427.032104 0.000000
887.112098 1110.157043 0.000000
887.112098 1246.948434 0.000000
887.112098 1537.331359 0.000000
887.112098 1674.122750 0.000000
887.112098 1716.496698 0.000000
887.112098 1778.908713 0.000000
887.112098 1795.888367 0.000000
887.112098 1897.565192 0.000000
887.112098 2143.671013 0.000000
887.112098 2206.083029 0.000000
887.112098 2223.062683 0.000000
887.112098 2324.739508 0.000000
887.112098 2590.192751 0.000000
887.112098 2629.970316 0.000000
887.112098 2760.893957 0.000000
887.112098 3017.367067 0.000000
887.112098 3057.144632 0.000000
887.112098 3488.717251 0.000000
887.112098 4041.198280 0.000000
887.112098 4167.022502 0.000000
887.112098 4468.372596 0.000000
887.112098 4594.196818 0.000000
887.112098 4738.006246 0.000000
887.112098 5030.071385 0.000000
887.112098 5165.180561 0.000000
887.112098 5213.369032 0.000000
887.112098 5305.466632 0.000000
887.112098 5601.733534 0.000000
887.112098 5732.640948 0.000000
887.112098 5745.665131 0.000000
887.112098 6172.839447 0.000000
887.112098 6234.710157 0.000000
887.112098 6338.000273 0.000000
887.112098 6658.787698 0.000000
887.112098 6765.174589 0.000000
972.138749 427.032104 0.000000
972.138749 1110.157043 0.000000
972.138749 1246.948434 0.000000
972.138749 1537.331359 0.000000
972.138749 1674.122750 0.000000
972.138749 1716.496698 0.000000
972.138749 1778.908713 0.000000
972.138749 1795.888367 0.000000
972.138749 1897.565192 0.000000
972.138749 2143.671013 0.000000
972.138749 2206.083029 0.000000
972.138749 2223.062683 0.000000
972.138749 2324.739508 0.000000
972.138749 2590.192751 0.000000
972.138749 2629.970316 0.000000
972.138749 2760.893957 0.000000
972.138749 3017.367067 0.000000
972.138749 3057.144632 0.000000
972.138749 3488.717251 0.000000
972.138749 4041.198280 0.000000
972.138749 4167.022502 0.000000
972.138749 4468.372596 0.000000
972.138749 4594.196818 0.000000
972.138749 4738.006246 0.000000
972.138749 5030.071385 0.000000
972.138749 5165.180561 0.000000
972.138749 5213.369032 0.000000
972.138749 5305.466632 0.000000
972.138749 5601.733534 0.000000
972.138749 5732.640948 0.000000
972.138749 5745.665131 0.000000
972.138749 6172.839447 0.000000
972.138749 6234.710157 0.000000
972.138749 6338.000273 0.000000
972.138749 6658.787698 0.000000
972.138749 6765.174589 0.000000
1006.796263 427.032104 0.000000
1006.796263 1110.157043 0.000000
1006.796263 1246.948434 0.000000
1006.796263 1537.331359 0.000000
1006.796263 1674.122750 0.000000
1006.796263 1716.496698 0.000000
1006.796263 1778.908713 0.000000
1006.796263 1795.888367 0.000000
1006.796263 1897.565192 0.000000
1006.796263 2143.671013 0.000000
1006.796263 2206.083029 0.000000
1006.796263 2223.062683 0.000000
1006.796263 2324.739508 0.000000
1006.796263 2590.192751 0.000000
1006.796263 2629.970316 0.000000
1006.796263 2760.893957 0.000000
1006.796263 3017.367067 0.000000
1006.796263 3057.144632 0.000000
1006.796263 3488.717251 0.000000
1006.796263 4041.198280 0.000000
1006.796263 4167.022502 0.000000
1006.796263 4468.372596 0.000000
1006.796263 4594.196818 0.000000
1006.796263 4738.006246 0.000000
1006.796263 5030.071385 0.000000
1006.796263 5165.180561 0.000000
1006.796263 5213.369032 0.000000
1006.796263 5305.466632 0.000000
1006.796263 5601.733534 0.000000
1006.796263 5732.640948 0.000000
1006.796263 5745.665131 0.000000
1006.796263 6172.839447 0.000000
1006.796263 6234.710157 0.000000
1006.796263 6338.000273 0.000000
1006.796263 6658.787698 0.000000
1006.796263 6765.174589 0.000000
1091.505549 427.032104 0.000000
1091.505549 1110.157043 0.000000
1091.505549 1246.948434 0.000000
1091.505549 1537.331359 0.000000
1091.505549 1674.122750 0.000000
1091.505549 1716.496698 0.000000
1091.505549 1778.908713 0.000000
1091.505549 1795.888367 0.000000
1091.505549 1897.565192 0.000000
1091.505549 2143.671013 0.000000
1091.505549 2206.083029 0.000000
1091.505549 2223.062683 0.000000
1091.505549 2324.739508 0.000000
1091.505549 2590.192751 0.000000
1091.505549 2629.970316 0.000000
1091.505549 2760.893957 0.000000
1091.505549 3017.367067 0.000000
1091.505549 3057.144632 0.000000
1091.505549 3488.717251 0.000000
1091.505549 4041.198280 0.000000
1091.505549 4167.022502 0.000000
1091.505549 4468.372596 0.000000
1091.505549 4594.196818 0.000000
1091.505549 4738.006246 0.000000
1091.505549 5030.071385 0.000000
1091.505549 5165.180561 0.000000
1091.505549 5213.369032 0.000000
1091.505549 5305.466632 0.000000
1091.505549 5601.733534 0.000000
1091.505549 5732.640948 0.000000
1091.505549 5745.665131 0.000000
1091.505549 6172.839447 0.000000
1091.505549 6234.710157 0.000000
1091.505549 6338.000273 0.000000
1091.505549 6658.787698 0.000000
1091.505549 6765.174589 0.000000
1290.977575 427.032104 0.000000
1290.977575 1110.157043 0.000000
1290.977575 1246.948434 0.000000
1290.977575 1537.331359 0.000000
1290.977575 1674.122750 0.000000
1290.977575 1716.496698 0.000000
1290.977575 1778.908713 0.000000
1290.977575 1795.888367 0.000000
1290.977575 1897.565192 0.000000
1290.977575 2143.671013 0.000000
1290.977575 2206.083029 0.000000
1290.977575 2223.062683 0.000000
1290.977575 2324.739508 0.000000
1290.977575 2590.192751 0.000000
1290.977575 2629.970316 0.000000
1290.977575 2760.893957 0.000000
1290.977575 3017.367067 0.000000
1290.977575 3057.144632 0.000000
1290.977575 3488.717251 0.000000
1290.977575 4041.198280 0.000000
1290.977575 4167.022502 0.000000
1290.977575 4468.372596 0.000000
1290.977575 4594.196818 0.000000
1290.977575 4738.006246 0.000000
1290.977575 5030.071385 0.000000
1290.977575 5165.180561 0.000000
1290.977575 5213.369032 0.000000
1290.977575 5305.466632 0.000000
1290.977575 5601.733534 0.000000
1290.977575 5732.640948 0.000000
1290.977575 5745.665131 0.000000
1290.977575 6172.839447 0.000000
1290.977575 6234.710157 0.000000
1290.977575 6338.000273 0.000000
1290.977575 6658.787698 0.000000
1290.977575 6765.174589 0.000000
1302.209461 427.032104 0.000000
1302.209461 1110.157043 0.000000
1302.209461 1246.948434 0.000000
1302.209461 1537.331359 0.000000
1302.209461 1674.122750 0.000000
1302.209461 1716.496698 0.000000
1302.209461 1778.908713 0.000000
1302.209461 1795.888367 0.000000
1302.209461 1897.565192 0.000000
1302.209461 2143.671013 0.000000
1302.209461 2206.083029 0.000000
1302.209461 2223.062683 0.000000
1302.209461 2324.739508 0.000000
1302.209461 2590.192751 0.000000
1302.209461 2629.970316 0.000000
1302.209461 2760.893957 0.000000
1302.209461 3017.367067 0.000000
1302.209461 3057.144632 0.000000
1302.209461 3488.717251 0.000000
1302.209461 4041.198280 0.000000
1302.209461 4167.022502 0.000000
1302.209461 4468.372596 0.000000
1302.209461 4594.196818 0.000000
1302.209461 4738.006246 0.000000
1302.209461 5030.071385 0.000000
1302.209461 5165.180561 0.000000
1302.209461 5213.369032 0.000000
1302.209461 5305.466632 0.000000
1302.209461 5601.733534 0.000000
1302.209461 5732.640948 0.000000
1302.209461 5745.665131 0.000000
1302.209461 6172.839447 0.000000
1302.209461 6234.710157 0.000000
1302.209461 6338.000273 0.000000
1302.209461 6658.787698 0.000000
1302.209461 6765.174589 0.000000
1314.286414 427.032104 0.000000
1314.286414 1110.157043 0.000000
1314.286414 1246.948434 0.000000
1314.286414 1537.331359 0.000000
1314.286414 1674.122750 0.000000
1314.286414 1716.496698 0.000000
1314.286414 1778.908713 0.000000
1314.286414 1795.888367 0.000000
1314.286414 1897.565192 0.000000
1314.286414 2143.671013 0.000000
1314.286414 2206.083029 0.000000
1314.286414 2223.062683 0.000000
1314.286414 2324.739508 0.000000
1314.286414 2590.192751 0.000000
1314.286414 2629.970316 0.000000
1314.286414 2760.893957 0.000000
1314.286414 3017.367067 0.000000
1314.286414 3057.144632 0.000000
1314.286414 3488.717251 0.000000
1314.286414 4041.198280 0.000000
1314.286414 4167.022502 0.000000
1314.286414 4468.372596 0.000000
1314.286414 4594.196818 0.000000
1314.286414 4738.006246 0.000000
1314.286414 5030.071385 0.000000
1314.286414 5165.180561 0.000000
1314.286414 5213.369032 0.000000
1314.286414 5305.466632 0.000000
1314.286414 5601.733534 0.000000
1314.286414 5732.640948 0.000000
1314.286414 5745.665131 0.000000
1314.286414 6172.839447 0.000000
1314.286414 6234.710157 0.000000
1314.286414 6338.000273 0.000000
1314.286414 6658.787698 0.000000
1314.286414 6765.174589 0.000000
1433.970579 427.032104 0.000000
1433.970579 1110.157043 0.000000
1433.970579 1246.948434 0.000000
1433.970579 1537.331359 0.000000
1433.970579 1674.122750 0.000000
1433.970579 1716.496698 0.000000
1433.970579 1778.908713 0.000000
1433.970579 1795.888367 0.000000
1433.970579 1897.565192 0.000000
1433.970579 2143.671013 0.000000
1433.970579 2206.083029 0.000000
1433.970579 2223.062683 0.000000
1433.970579 2324.739508 0.000000
1433.970579 2590.192751 0.000000
1433.970579 2629.970316 0.000000
1433.970579 2760.893957 0.000000
1433.970579 3017.367067 0.000000
1433.970579 3057.144632 0.000000
1433.970579 3488.717251 0.000000
1433.970579 4041.198280 0.000000
1433.970579 4167.022502 0.000000
1433.970579 4468.372596 0.000000
1433.970579 4594.196818 0.000000
1433.970579 4738.006246 0.000000
1433.970579 5030.071385 0.000000
1433.970579 5165.180561 0.000000
1433.970579 5213.369032 0.000000
1433.970579 5305.466632 0.000000
1433.970579 5601.733534 0.000000
1433.970579 5732.640948 0.000000
1433.970579 5745.665131 0.000000
1433.970579 6172.839447 0.000000
1433.970579 6234.710157 0.000000
1433.970579 6338.000273 0.000000
1433.970579 6658.787698 0.000000
1433.970579 6765.174589 0.000000
1494.111148 427.032104 0.000000
1494.111148 1110.157043 0.000000
1494.111148 1246.948434 0.000000
1494.111148 1537.331359 0.000000
1494.111148 1674.122750 0.000000
1494.111148 1716.496698 0.000000
1494.111148 1778.908713 0.000000
1494.111148 1795.888367 0.000000
1494.111148 1897.565192 0.000000
1494.111148 2143.671013 0.000000
1494.111148 2206.083029 0.000000
1494.111148 2223.062683 0.000000
1494.111148 2324.739508 0.000000
1494.111148 2590.192751 0.000000
1494.111148 2629.970316 0.000000
1494.111148 2760.893957 0.000000
1494.111148 3017.367067 0.000000
1494.111148 3057.144632 0.000000
1494.111148 3488.717251 0.000000
1494.111148 4041.198280 0.000000
1494.111148 4167.022502 0.000000
1494.111148 4468.372596 0.000000
1494.111148 4594.196818 0.000000
1494.111148 4738.006246 0.000000
1494.111148 5030.071385 0.000000
1494.111148 5165.180561 0.000000
1494.111148 5213.369032 0.000000
1494.111148 5305.466632 0.000000
1494.111148 5601.733534 0.000000
1494.111148 5732.640948 0.000000
1494.111148 5745.665131 0.000000
1494.111148 6172.839447 0.000000
1494.111148 6234.710157 0.000000
1494.111148 6338.000273 0.000000
1494.111148 6658.787698 0.000000
1494.111148 6765.174589 0.000000
1518.679865 427.032104 0.000000
1518.679865 1110.157043 0.000000
1518.679865 1246.948434 0.000000
1518.679865 1537.331359 0.000000
1518.679865 1674.122750 0.000000
1518.679865 1716.496698 0.000000
1518.679865 1778.908713 0.000000
1518.679865 1795.888367 0.000000
1518.679865 1897.565192 0.000000
1518.679865 2143.671013 0.000000
1518.679865 2206.083029 0.000000
1518.679865 2223.062683 0.000000
1518.679865 2324.739508 0.000000
1518.679865 2590.192751 0.000000
1518.679865 2629.970316 0.000000
1518.679865 2760.893957 0.000000
1518.679865 3017.367067 0.000000
1518.679865 3057.144632 0.000000
1518.679865 3488.717251 0.000000
1518.679865 4041.198280 0.000000
1518.679865 4167.022502 0.000000
1518.679865 4468.372596 0.000000
1518.679865 4594.196818 0.000000
1518.679865 4738.006246 0.000000
1518.679865 5030.071385 0.000000
1518.679865 5165.180561 0.000000
1518.679865 5213.369032 0.000000
1518.679865 5305.466632 0.000000
1518.679865 5601.733534 0.000000
1518.679865 5732.640948 0.000000
1518.679865 5745.665131 0.000000
1518.679865 6172.839447 0.000000
1518.679865 6234.710157 0.000000
1518.679865 6338.000273 0.000000
1518.679865 6658.787698 0.000000
1518.679865 6765.174589 0.000000
1662.813147 427.032104 0.000000
1662.813147 1110.157043 0.000000
1662.813147 1246.948434 0.000000
1662.813147 1537.331359 0.000000
1662.813147 1674.122750 0.000000
1662.813147 1716.496698 0.000000
1662.813147 1778.908713 0.000000
1662.813147 1795.888367 0.000000
1662.813147 1897.565192 0.000000
1662.813147 2143.671013 0.000000
1662.813147 2206.083029 0.000000
1662.813147 2223.062683 0.000000
1662.813147 2324.739508 0.000000
1662.813147 2590.192751 0.000000
1662.813147 2629.970316 0.000000
1662.813147 2760.893957 0.000000
1662.813147 3017.367067 0.000000
1662.813147 3057.144632 0.000000
1662.813147 3488.717251 0.000000
1662.813147 4041.198280 0.000000
1662.813147 4167.022502 0.000000
1662.813147 4468.372596 0.000000
1662.813147 4594.196818 0.000000
1662.813147 4738.006246 0.000000
1662.813147 5030.071385 0.000000
1662.813147 5165.180561 0.000000
1662.813147 5213.369032 0.000000
1662.813147 5305.466632 0.000000
1662.813147 5601.733534 0.000000
1662.813147 5732.640948 0.000000
1662.813147 5745.665131 0.000000
1662.813147 6172.839447 0.000000
1662.813147 6234.710157 0.000000
1662.813147 6338.000273 0.000000
1662.813147 6658.787698 0.000000
1662.813147 6765.174589 0.000000
1780.275913 427.032104 0.000000
1780.275913 1110.157043 0.000000
1780.275913 1246.948434 0.000000
1780.275913 1537.331359 0.000000
1780.275913 1674.122750 0.000000
1780.275913 1716.496698 0.000000
1780.275913 1778.908713 0.000000
1780.275913 1795.888367 0.000000
1780.275913 1897.565192 0.000000
1780.275913 2143.671013 0.000000
1780.275913 2206.083029 0.000000
1780.275913 2223.062683 0.000000
1780.275913 2324.739508 0.000000
1780.275913 2590.192751 0.000000
1780.275913 2629.970316 0.000000
1780.275913 2760.893957 0.000000
1780.275913 3017.367067 0.000000
1780.275913 3057.144632 0.000000
1780.275913 3488.717251 0.000000
1780.275913 4041.198280 0.000000
1780.275913 4167.022502 0.000000
1780.275913 4468.372596 0.000000
1780.275913 4594.196818 0.000000
1780.275913 4738.006246 0.000000
1780.275913 5030.071385 0.000000
1780.275913 5165.180561 0.000000
1780.275913 5213.369032 0.000000
1780.275913 5305.466632 0.000000
1780.275913 5601.733534 0.000000
1780.275913 5732.640948 0.000000
1780.275913 5745.665131 0.000000
1780.275913 6172.839447 0.000000
1780.275913 6234.710157 0.000000
1780.275913 6338.000273 0.000000
1780.275913 6658.787698 0.000000
1780.275913 6765.174589 0.000000
1829.158662 427.032104 0.000000
1829.158662 1110.157043 0.000000
1829.158662 1246.948434 0.000000
1829.158662 1537.331359 0.000000
1829.158662 1674.122750 0.000000
1829.158662 1716.496698 0.000000
1829.158662 1778.908713 0.000000
1829.158662 1795.888367 0.000000
1829.158662 1897.565192 0.000000
1829.158662 2143.671013 0.000000
1829.158662 2206.083029 0.000000
1829.158662 2223.062683 0.000000
1829.158662 2324.739508 0.000000
1829.158662 2590.192751 0.000000
1829.158662 2629.970316 0.000000
1829.158662 2760.893957 0.000000
1829.158662 3017.367067 0.000000
1829.158662 3057.144632 0.000000
1829.158662 3488.717251 0.000000
1829.158662 4041.198280 0.000000
1829.158662 4167.022502 0.000000
1829.158662 4468.372596 0.000000
1829.158662 4594.196818 0.000000
1829.158662 4738.006246 0.000000
1829.158662 5030.071385 0.000000
1829.158662 5165.180561 0.000000
1829.158662 5213.369032 0.000000
1829.158662 5305.466632 0.000000
1829.158662 5601.733534 0.000000
1829.158662 5732.640948 0.000000
1829.158662 5745.665131 0.000000
1829.158662 6172.839447 0.000000
1829.158662 6234.710157 0.000000
1829.158662 6338.000273 0.000000
1829.158662 6658.787698 0.000000
1829.158662 6765.174589 0.000000
1921.285464 427.032104 0.000000
1921.285464 1110.157043 0.000000
1921.285464 1246.948434 0.000000
1921.285464 1537.331359 0.000000
1921.285464 1674.122750 0.000000
1921.285464 1716.496698 0.000000
1921.285464 1778.908713 0.000000
1921.285464 1795.888367 0.000000
1921.285464 1897.565192 0.000000
1921.285464 2143.671013 0.000000
1921.285464 2206.083029 0.000000
1921.285464 2223.062683 0.000000
1921.285464 2324.739508 0.000000
1921.285464 2590.192751 0.000000
1921.285464 2629.970316 0.000000
1921.285464 2760.893957 0.000000
1921.285464 3017.367067 0.000000
1921.285464 3057.144632 0.000000
1921.285464 3488.717251 0.000000
1921.285464 4041.198280 0.000000
1921.285464 4167.022502 0.000000
1921.285464 4468.372596 0.000000
1921.285464 4594.196818 0.000000
1921.285464 4738.006246 0.000000
1921.285464 5030.071385 0.000000
1921.285464 5165.180561 0.000000
1921.285464 5213.369032 0.000000
1921.285464 5305.466632 0.000000
1921.285464 5601.733534 0.000000
1921.285464 5732.640948 0.000000
1921.285464 5745.665131 0.000000
1921.285464 6172.839447 0.000000
1921.285464 6234.710157 0.000000
1921.285464 6338.000273 0.000000
1921.285464 6658.787698 0.000000
1921.285464 6765.174589 0.000000
2030.952335 427.032104 0.000000
2030.952335 1110.157043 0.000000
2030.952335 1246.948434 0.000000
2030.952335 1537.331359 0.000000
2030.952335 1674.122750 0.000000
2030.952335 1716.496698 0.000000
2030.952335 1778.908713 0.000000
2030.952335 1795.888367 0.000000
2030.952335 1897.565192 0.000000
2030.952335 2143.671013 0.000000
2030.952335 2206.083029 0.000000
2030.952335 2223.062683 0.000000
2030.952335 2324.739508 0.000000
2030.952335 2590.192751 0.000000
2030.952335 2629.970316 0.000000
2030.952335 2760.893957 0.000000
2030.952335 3017.367067 0.000000
2030.952335 3057.144632 0.000000
2030.952335 3488.717251 0.000000
2030.952335 4041.198280 0.000000
2030.952335 4167.022502 0.000000
2030.952335 4468.372596 0.000000
2030.952335 4594.196818 0.000000
2030.952335 4738.006246 0.000000
2030.952335 5030.071385 0.000000
2030.952335 5165.180561 0.000000
2030.952335 5213.369032 0.000000
2030.952335 5305.466632 0.000000
2030.952335 5601.733534 0.000000
2030.952335 5732.640948 0.000000
2030.952335 5745.665131 0.000000
2030.952335 6172.839447 0.000000
2030.952335 6234.710157 0.000000
2030.952335 6338.000273 0.000000
2030.952335 6658.787698 0.000000
2030.952335 6765.174589 0.000000
2089.987463 427.032104 0.000000
2089.987463 1110.157043 0.000000
2089.987463 1246.948434 0.000000
2089.987463 1537.331359 0.000000
2089.987463 1674.122750 0.000000
2089.987463 1716.496698 0.000000
2089.987463 1778.908713 0.000000
2089.987463 1795.888367 0.000000
2089.987463 1897.565192 0.000000
2089.987463 2143.671013 0.000000
2089.987463 2206.083029 0.000000
2089.987463 2223.062683 0.000000
2089.987463 2324.739508 0.000000
2089.987463 2590.192751 0.000000
2089.987463 2629.970316 0.000000
2089.987463 2760.893957 0.000000
2089.987463 3017.367067 0.000000
2089.987463 3057.144632 0.000000
2089.987463 3488.717251 0.000000
2089.987463 4041.198280 0.000000
2089.987463 4167.022502 0.000000
2089.987463 4468.372596 0.000000
2089.987463 4594.196818 0.000000
2089.987463 4738.006246 0.000000
2089.987463 5030.071385 0.000000
2089.987463 5165.180561 0.000000
2089.987463 5213.369032 0.000000
2089.987463 5305.466632 0.000000
2089.987463 5601.733534 0.000000
2089.987463 5732.640948 0.000000
2089.987463 5745.665131 0.000000
2089.987463 6172.839447 0.000000
2089.987463 6234.710157 0.000000
2089.987463 6338.000273 0.000000
2089.987463 6658.787698 0.000000
2089.987463 6765.174589 0.000000
2192.751814 427.032104 0.000000
2192.751814 1110.157043 0.000000
2192.751814 1246.948434 0.000000
2192.751814 1537.331359 0.000000
2192.751814 1674.122750 0.000000
2192.751814 1716.496698 0.000000
2192.751814 1778.908713 0.000000
2192.751814 1795.888367 0.000000
2192.751814 1897.565192 0.000000
2192.751814 2143.671013 0.000000
2192.751814 2206.083029 0.000000
2192.751814 2223.062683 0.000000
2192.751814 2324.739508 0.000000
2192.751814 2590.192751 0.000000
2192.751814 2629.970316 0.000000
2192.751814 2760.893957 0.000000
2192.751814 3017.367067 0.000000
2192.751814 3057.144632 0.000000
2192.751814 3488.717251 0.000000
2192.751814 4041.198280 0.000000
2192.751814 4167.022502 0.000000
2192.751814 4468.372596 0.000000
2192.751814 4594.196818 0.000000
2192.751814 4738.006246 0.000000
2192.751814 5030.071385 0.000000
2192.751814 5165.180561 0.000000
2192.751814 5213.369032 0.000000
2192.751814 5305.466632 0.000000
2192.751814 5601.733534 0.000000
2192.751814 5732.640948 0.000000
2192.751814 5745.665131 0.000000
2192.751814 6172.839447 0.000000
2192.751814 6234.710157 0.000000
2192.751814 6338.000273 0.000000
2192.751814 6658.787698 0.000000
2192.751814 6765.174589 0.000000
2207.450229 427.032104 0.000000
2207.450229 1110.157043 0.000000
2207.450229 1246.948434 0.000000
2207.450229 1537.331359 0.000000
2207.450229 1674.122750 0.000000
2207.450229 1716.496698 0.000000
2207.450229 1778.908713 0.000000
2207.450229 1795.888367 0.000000
2207.450229 1897.565192 0.000000
2207.450229 2143.671013 0.000000
2207.450229 2206.083029 0.000000
2207.450229 2223.062683 0.000000
2207.450229 2324.739508 0.000000
2207.450229 2590.192751 0.000000
2207.450229 2629.970316 0.000000
2207.450229 2760.893957 0.000000
2207.450229 3017.367067 0.000000
2207.450229 3057.144632 0.000000
2207.450229 3488.717251 0.000000
2207.450229 4041.198280 0.000000
2207.450229 4167.022502 0.000000
2207.450229 4468.372596 0.000000
2207.450229 4594.196818 0.000000
2207.450229 4738.006246 0.000000
2207.450229 5030.071385 0.000000
2207.450229 5165.180561 0.000000
2207.450229 5213.369032 0.000000
2207.450229 5305.466632 0.000000
2207.450229 5601.733534 0.000000
2207.450229 5732.640948 0.000000
2207.450229 5745.665131 0.000000
2207.450229 6172.839447 0.000000
2207.450229 6234.710157 0.000000
2207.450229 6338.000273 0.000000
2207.450229 6658.787698 0.000000
2207.450229 6765.174589 0.000000
2256.332978 427.032104 0.000000
2256.332978 1110.157043 0.000000
2256.332978 1246.948434 0.000000
2256.332978 1537.331359 0.000000
2256.332978 1674.122750 0.000000
2256.332978 1716.496698 0.000000
2256.332978 1778.908713 0.000000
2256.332978 1795.888367 0.000000
2256.332978 1897.565192 0.000000
2256.332978 2143.671013 0.000000
2256.332978 2206.083029 0.000000
2256.332978 2223.062683 0.000000
2256.332978 2324.739508 0.000000
2256.332978 2590.192751 0.000000
2256.332978 2629.970316 0.000000
2256.332978 2760.893957 0.000000
2256.332978 3017.367067 0.000000
2256.332978 3057.144632 0.000000
2256.332978 3488.717251 0.000000
2256.332978 4041.198280 0.000000
2256.332978 4167.022502 0.000000
2256.332978 4468.372596 0.000000
2256.332978 4594.196818 0.000000
2256.332978 4738.006246 0.000000
2256.332978 5030.071385 0.000000
2256.332978 5165.180561 0.000000
2256.332978 5213.369032 0.000000
2256.332978 5305.466632 0.000000
2256.332978 5601.733534 0.000000
2256.332978 5732.640948 0.000000
2256.332978 5745.665131 0.000000
2256.332978 6172.839447 0.000000
2256.332978 6234.710157 0.000000
2256.332978 6338.000273 0.000000
2256.332978 6658.787698 0.000000
2256.332978 6765.174589 0.000000
2458.126651 427.032104 0.000000
2458.126651 1110.157043 0.000000
2458.126651 1246.948434 0.000000
2458.126651 1537.331359 0.000000
2458.126651 1674.122750 0.000000
2458.126651 1716.496698 0.000000
2458.126651 1778.908713 0.000000
2458.126651 1795.888367 0.000000
2458.126651 1897.565192 0.000000
2458.126651 2143.671013 0.000000
2458.126651 2206.083029 0.000000
2458.126651 2223.062683 0.000000
2458.126651 2324.739508 0.000000
2458.126651 2590.192751 0.000000
2458.126651 2629.970316 0.000000
2458.126651 2760.893957 0.000000
2458.126651 3017.367067 0.000000
2458.126651 3057.144632 0.000000
2458.126651 3488.717251 0.000000
2458.126651 4041.198280 0.000000
2458.126651 4167.022502 0.000000
2458.126651 4468.372596 0.000000
2458.126651 4594.196818 0.000000
2458.126651 4738.006246 0.000000
2458.126651 5030.071385 0.000000
2458.126651 5165.180561 0.000000
2458.126651 5213.369032 0.000000
2458.126651 5305.466632 0.000000
2458.126651 5601.733534 0.000000
2458.126651 5732.640948 0.000000
2458.126651 5745.665131 0.000000
2458.126651 6172.839447 0.000000
2458.126651 6234.710157 0.000000
2458.126651 6338.000273 0.000000
2458.126651 6658.787698 0.000000
2458.126651 6765.174589 0.000000
2609.976025 427.032104 0.000000
2609.976025 1110.157043 0.000000
2609.976025 1246.948434 0.000000
2609.976025 1537.331359 0.000000
2609.976025 1674.122750 0.000000
2609.976025 1716.496698 0.000000
2609.976025 1778.908713 0.000000
2609.976025 1795.888367 0.000000
2609.976025 1897.565192 0.000000
2609.976025 2143.671013 0.000000
2609.976025 2206.083029 0.000000
2609.976025 2223.062683 0.000000
2609.976025 2324.739508 0.000000
2609.976025 2590.192751 0.000000
2609.976025 2629.970316 0.000000
2609.976025 2760.893957 0.000000
2609.976025 3017.367067 0.000000
2609.976025 3057.144632 0.000000
2609.976025 3488.717251 0.000000
2609.976025 4041.198280 0.000000
2609.976025 4167.022502 0.000000
2609.976025 4468.372596 0.000000
2609.976025 4594.196818 0.000000
2609.976025 4738.006246 0.000000
2609.976025 5030.071385 0.000000
2609.976025 5165.180561 0.000000
2609.976025 5213.369032 0.000000
2609.976025 5305.466632 0.000000
2609.976025 5601.733534 0.000000
2609.976025 5732.640948 0.000000
2609.976025 5745.665131 0.000000
2609.976025 6172.839447 0.000000
2609.976025 6234.710157 0.000000
2609.976025 6338.000273 0.000000
2609.976025 6658.787698 0.000000
2609.976025 6765.174589 0.000000
2740.422183 427.032104 0.000000
2740.422183 1110.157043 0.000000
2740.422183 1246.948434 0.000000
2740.422183 1537.331359 0.000000
2740.422183 1674.122750 0.000000
2740.422183 1716.496698 0.000000
2740.422183 1778.908713 0.000000
2740.422183 1795.888367 0.000000
2740.422183 1897.565192 0.000000
2740.422183 2143.671013 0.000000
2740.422183 2206.083029 0.000000
2740.422183 2223.062683 0.000000
2740.422183 2324.739508 0.000000
2740.422183 2590.192751 0.000000
2740.422183 2629.970316 0.000000
2740.422183 2760.893957 0.000000
2740.422183 3017.367067 0.000000
2740.422183 3057.144632 0.000000
2740.422183 3488.717251 0.000000
2740.422183 4041.198280 0.000000
2740.422183 4167.022502 0.000000
2740.422183 4468.372596 0.000000
2740.422183 4594.196818 0.000000
2740.422183 4738.006246 0.000000
2740.422183 5030.071385 0.000000
2740.422183 5165.180561 0.000000
2740.422183 5213.369032 0.000000
2740.422183 5305.466632 0.000000
2740.422183 5601.733534 0.000000
2740.422183 5732.640948 0.000000
2740.422183 5745.665131 0.000000
2740.422183 6172.839447 0.000000
2740.422183 6234.710157 0.000000
2740.422183 6338.000273 0.000000
2740.422183 6658.787698 0.000000
2740.422183 6765.174589 0.000000
2804.481937 427.032104 0.000000
2804.481937 1110.157043 0.000000
2804.481937 1246.948434 0.000000
2804.481937 1537.331359 0.000000
2804.481937 1674.122750 0.000000
2804.481937 1716.496698 0.000000
2804.481937 1778.908713 0.000000
2804.481937 1795.888367 0.000000
2804.481937 1897.565192 0.000000
2804.481937 2143.671013 0.000000
2804.481937 2206.083029 0.000000
2804.481937 2223.062683 0.000000
2804.481937 2324.739508 0.000000
2804.481937 2590.192751 0.000000
2804.481937 2629.970316 0.000000
2804.481937 2760.893957 0.000000
2804.481937 3017.367067 0.000000
2804.481937 3057.144632 0.000000
2804.481937 3488.717251 0.000000
2804.481937 4041.198280 0.000000
2804.481937 4167.022502 0.000000
2804.481937 4468.372596 0.000000
2804.481937 4594.196818 0.000000
2804.481937 4738.006246 0.000000
2804.481937 5030.071385 0.000000
2804.481937 5165.180561 0.000000
2804.481937 5213.369032 0.000000
2804.481937 5305.466632 0.000000
2804.481937 5601.733534 0.000000
2804.481937 5732.640948 0.000000
2804.481937 5745.665131 0.000000
2804.481937 6172.839447 0.000000
2804.481937 6234.710157 0.000000
2804.481937 6338.000273 0.000000
2804.481937 6658.787698 0.000000
2804.481937 6765.174589 0.000000
2929.820107 427.032104 0.000000
2929.820107 1110.157043 0.000000
2929.820107 1246.948434 0.000000
2929.820107 1537.331359 0.000000
2929.820107 1674.122750 0.000000
2929.820107 1716.496698 0.000000
2929.820107 1778.908713 0.000000
2929.820107 1795.888367 0.000000
2929.820107 1897.565192 0.000000
2929.820107 2143.671013 0.000000
2929.820107 2206.083029 0.000000
2929.820107 2223.062683 0.000000
2929.820107 2324.739508 0.000000
2929.820107 2590.192751 0.000000
2929.820107 2629.970316 0.000000
2929.820107 2760.893957 0.000000
2929.820107 3017.367067 0.000000
2929.820107 3057.144632 0.000000
2929.820107 3488.717251 0.000000
2929.820107 4041.198280 0.000000
2929.820107 4167.022502 0.000000
2929.820107 4468.372596 0.000000
2929.820107 4594.196818 0.000000
2929.820107 4738.006246 0.000000
2929.820107 5030.071385 0.000000
2929.820107 5165.180561 0.000000
2929.820107 5213.369032 0.000000
2929.820107 5305.466632 0.000000
2929.820107 5601.733534 0.000000
2929.820107 5732.640948 0.000000
2929.820107 5745.665131 0.000000
2929.820107 6172.839447 0.000000
2929.820107 6234.710157 0.000000
2929.820107 6338.000273 0.000000
2929.820107 6658.787698 0.000000
2929.820107 6765.174589 0.000000
3037.150341 427.032104 0.000000
3037.150341 1110.157043 0.000000
3037.150341 1246.948434 0.000000
3037.150341 1537.331359 0.000000
3037.150341 1674.122750 0.000000
3037.150341 1716.496698 0.000000
3037.150341 1778.908713 0.000000
3037.150341 1795.888367 0.000000
3037.150341 1897.565192 0.000000
3037.150341 2143.671013 0.000000
3037.150341 2206.083029 0.000000
3037.150341 2223.062683 0.000000
3037.150341 2324.739508 0.000000
3037.150341 2590.192751 0.000000
3037.150341 2629.970316 0.000000
3037.150341 2760.893957 0.000000
3037.150341 3017.367067 0.000000
3037.150341 3057.144632 0.000000
3037.150341 3488.717251 0.000000
3037.150341 4041.198280 0.000000
3037.150341 4167.022502 0.000000
3037.150341 4468.372596 0.000000
3037.150341 4594.196818 0.000000
3037.150341 4738.006246 0.000000
3037.150341 5030.071385 0.000000
3037.150341 5165.180561 0.000000
3037.150341 5213.369032 0.000000
3037.150341 5305.466632 0.000000
3037.150341 5601.733534 0.000000
3037.150341 5732.640948 0.000000
3037.150341 5745.665131 0.000000
3037.150341 6172.839447 0.000000
3037.150341 6234.710157 0.000000
3037.150341 6338.000273 0.000000
3037.150341 6658.787698 0.000000
3037.150341 6765.174589 0.000000
3143.341231 427.032104 0.000000
3143.341231 1110.157043 0.000000
3143.341231 1246.948434 0.000000
3143.341231 1537.331359 0.000000
3143.341231 1674.122750 0.000000
3143.341231 1716.496698 0.000000
3143.341231 1778.908713 0.000000
3143.341231 1795.888367 0.000000
3143.341231 1897.565192 0.000000
3143.341231 2143.671013 0.000000
3143.341231 2206.083029 0.000000
3143.341231 2223.062683 0.000000
3143.341231 2324.739508 0.000000
3143.341231 2590.192751 0.000000
3143.341231 2629.970316 0.000000
3143.341231 2760.893957 0.000000
3143.341231 3017.367067 0.000000
3143.341231 3057.144632 0.000000
3143.341231 3488.717251 0.000000
3143.341231 4041.198280 0.000000
3143.341231 4167.022502 0.000000
3143.341231 4468.372596 0.000000
3143.341231 4594.196818 0.000000
3143.341231 4738.006246 0.000000
3143.341231 5030.071385 0.000000
3143.341231 5165.180561 0.000000
3143.341231 5213.369032 0.000000
3143.341231 5305.466632 0.000000
3143.341231 5601.733534 0.000000
3143.341231 5732.640948 0.000000
3143.341231 5745.665131 0.000000
3143.341231 6172.839447 0.000000
3143.341231 6234.710157 0.000000
3143.341231 6338.000273 0.000000
3143.341231 6658.787698 0.000000
3143.341231 6765.174589 0.000000
3231.656253 427.032104 0.000000
3231.656253 1110.157043 0.000000
3231.656253 1246.948434 0.000000
3231.656253 1537.331359 0.000000
3231.656253 1674.122750 0.000000
3231.656253 1716.496698 0.000000
3231.656253 1778.908713 0.000000
3231.656253 1795.888367 0.000000
3231.656253 1897.565192 0.000000
3231.656253 2143.671013 0.000000
3231.656253 2206.083029 0.000000
3231.656253 2223.062683 0.000000
3231.656253 2324.739508 0.000000
3231.656253 2590.192751 0.000000
3231.656253 2629.970316 0.000000
3231.656253 2760.893957 0.000000
3231.656253 3017.367067 0.000000
3231.656253 3057.144632 0.000000
3231.656253 3488.717251 0.000000
3231.656253 4041.198280 0.000000
3231.656253 4167.022502 0.000000
3231.656253 4468.372596 0.000000
3231.656253 4594.196818 0.000000
3231.656253 4738.006246 0.000000
3231.656253 5030.071385 0.000000
3231.656253 5165.180561 0.000000
3231.656253 5213.369032 0.000000
3231.656253 5305.466632 0.000000
3231.656253 5601.733534 0.000000
3231.656253 5732.640948 0.000000
3231.656253 5745.665131 0.000000
3231.656253 6172.839447 0.000000
3231.656253 6234.710157 0.000000
3231.656253 6338.000273 0.000000
3231.656253 6658.787698 0.000000
3231.656253 6765.174589 0.000000
3356.994423 427.032104 0.000000
3356.994423 1110.157043 0.000000
3356.994423 1246.948434 0.000000
3356.994423 1537.331359 0.000000
3356.994423 1674.122750 0.000000
3356.994423 1716.496698 0.000000
3356.994423 1778.908713 0.000000
3356.994423 1795.888367 0.000000
3356.994423 1897.565192 0.000000
3356.994423 2143.671013 0.000000
3356.994423 2206.083029 0.000000
3356.994423 2223.062683 0.000000
3356.994423 2324.739508 0.000000
3356.994423 2590.192751 0.000000
3356.994423 2629.970316 0.000000
3356.994423 2760.893957 0.000000
3356.994423 3017.367067 0.000000
3356.994423 3057.144632 0.000000
3356.994423 3488.717251 0.000000
3356.994423 4041.198280 0.000000
3356.994423 4167.022502 0.000000
3356.994423 4468.372596 0.000000
3356.994423 4594.196818 0.000000
3356.994423 4738.006246 0.000000
3356.994423 5030.071385 0.000000
3356.994423 5165.180561 0.000000
3356.994423 5213.369032 0.000000
3356.994423 5305.466632 0.000000
3356.994423 5601.733534 0.000000
3356.994423 5732.640948 0.000000
3356.994423 5745.665131 0.000000
3356.994423 6172.839447 0.000000
3356.994423 6234.710157 0.000000
3356.994423 6338.000273 0.000000
3356.994423 6658.787698 0.000000
3356.994423 6765.174589 0.000000
3421.370153 427.032104 0.000000
3421.370153 1110.157043 0.000000
3421.370153 1246.948434 0.000000
3421.370153 1537.331359 0.000000
3421.370153 1674.122750 0.000000
3421.370153 1716.496698 0.000000
3421.370153 1778.908713 0.000000
3421.370153 1795.888367 0.000000
3421.370153 1897.565192 0.000000
3421.370153 2143.671013 0.000000
3421.370153 2206.083029 0.000000
3421.370153 2223.062683 0.000000
3421.370153 2324.739508 0.000000
3421.370153 2590.192751 0.000000
3421.370153 2629.970316 0.000000
3421.370153 2760.893957 0.000000
3421.370153 3017.367067 0.000000
3421.370153 3057.144632 0.000000
3421.370153 3488.717251 0.000000
3421.370153 4041.198280 0.000000
3421.370153 4167.022502 0.000000
3421.370153 4468.372596 0.000000
3421.370153 4594.196818 0.000000
3421.370153 4738.006246 0.000000
3421.370153 5030.071385 0.000000
3421.370153 5165.180561 0.000000
3421.370153 5213.369032 0.000000
3421.370153 5305.466632 0.000000
3421.370153 5601.733534 0.000000
3421.370153 5732.640948 0.000000
3421.370153 5745.665131 0.000000
3421.370153 6172.839447 0.000000
3421.370153 6234.710157 0.000000
3421.370153 6338.000273 0.000000
3421.370153 6658.787698 0.000000
3421.370153 6765.174589 0.000000
3570.515547 427.032104 0.000000
3570.515547 1110.157043 0.000000
3570.515547 1246.948434 0.000000
3570.515547 1537.331359 0.000000
3570.515547 1674.122750 0.000000
3570.515547 1716.496698 0.000000
3570.515547 1778.908713 0.000000
3570.515547 1795.888367 0.000000
3570.515547 1897.565192 0.000000
3570.515547 2143.671013 0.000000
3570.515547 2206.083029 0.000000
3570.515547 2223.062683 0.000000
3570.515547 2324.739508 0.000000
3570.515547 2590.192751 0.000000
3570.515547 2629.970316 0.000000
3570.515547 2760.893957 0.000000
3570.515547 3017.367067 0.000000
3570.515547 3057.144632 0.000000
3570.515547 3488.717251 0.000000
3570.515547 4041.198280 0.000000
3570.515547 4167.022502 0.000000
3570.515547 4468.372596 0.000000
3570.515547 4594.196818 0.000000
3570.515547 4738.006246 0.000000
3570.515547 5030.071385 0.000000
3570.515547 5165.180561 0.000000
3570.515547 5213.369032 0.000000
3570.515547 5305.466632 0.000000
3570.515547 5601.733534 0.000000
3570.515547 5732.640948 0.000000
3570.515547 5745.665131 0.000000
3570.515547 6172.839447 0.000000
3570.515547 6234.710157 0.000000
3570.515547 6338.000273 0.000000
3570.515547 6658.787698 0.000000
3570.515547 6765.174589 0.000000
3848.544469 427.032104 0.000000
3848.544469 1110.157043 0.000000
3848.544469 1246.948434 0.000000
3848.544469 1537.331359 0.000000
3848.544469 1674.122750 0.000000
3848.544469 1716.496698 0.000000
3848.544469 1778.908713 0.000000
3848.544469 1795.888367 0.000000
3848.544469 1897.565192 0.000000
3848.544469 2143.671013 0.000000
3848.544469 2206.083029 0.000000
3848.544469 2223.062683 0.000000
3848.544469 2324.739508 0.000000
3848.544469 2590.192751 0.000000
3848.544469 2629.970316 0.000000
3848.544469 2760.893957 0.000000
3848.544469 3017.367067 0.000000
3848.544469 3057.144632 0.000000
3848.544469 3488.717251 0.000000
3848.544469 4041.198280 0.000000
3848.544469 4167.022502 0.000000
3848.544469 4468.372596 0.000000
3848.544469 4594.196818 0.000000
3848.544469 4738.006246 0.000000
3848.544469 5030.071385 0.000000
3848.544469 5165.180561 0.000000
3848.544469 5213.369032 0.000000
3848.544469 5305.466632 0.000000
3848.544469 5601.733534 0.000000
3848.544469 5732.640948 0.000000
3848.544469 5745.665131 0.000000
3848.544469 6172.839447 0.000000
3848.544469 6234.710157 0.000000
3848.544469 6338.000273 0.000000
3848.544469 6658.787698 0.000000
3848.544469 6765.174589 0.000000
3926.978674 427.032104 0.000000
3926.978674 1110.157043 0.000000
3926.978674 1246.948434 0.000000
3926.978674 1537.331359 0.000000
3926.978674 1674.122750 0.000000
3926.978674 1716.496698 0.000000
3926.978674 1778.908713 0.000000
3926.978674 1795.888367 0.000000
3926.978674 1897.565192 0.000000
3926.978674 2143.671013 0.000000
3926.978674 2206.083029 0.000000
3926.978674 2223.062683 0.000000
3926.978674 2324.739508 0.000000
3926.978674 2590.192751 0.000000
3926.978674 2629.970316 0.000000
3926.978674 2760.893957 0.000000
3926.978674 3017.367067 0.000000
3926.978674 3057.144632 0.000000
3926.978674 3488.717251 0.000000
3926.978674 4041.198280 0.000000
3926.978674 4167.022502 0.000000
3926.978674 4468.372596 0.000000
3926.978674 4594.196818 0.000000
3926.978674 4738.006246 0.000000
3926.978674 5030.071385 0.000000
3926.978674 5165.180561 0.000000
3926.978674 5213.369032 0.000000
3926.978674 5305.466632 0.000000
3926.978674 5601.733534 0.000000
3926.978674 5732.640948 0.000000
3926.978674 5745.665131 0.000000
3926.978674 6172.839447 0.000000
3926.978674 6234.710157 0.000000
3926.978674 6338.000273 0.000000
3926.978674 6658.787698 0.000000
3926.978674 6765.174589 0.000000
4088.676908 427.032104 0.000000
4088.676908 1110.157043 0.000000
4088.676908 1246.948434 0.000000
4088.676908 1537.331359 0.000000
4088.676908 1674.122750 0.000000
4088.676908 1716.496698 0.000000
4088.676908 1778.908713 0.000000
4088.676908 1795.888367 0.000000
4088.676908 1897.565192 0.000000
4088.676908 2143.671013 0.000000
4088.676908 2206.083029 0.000000
4088.676908 2223.062683 0.000000
4088.676908 2324.739508 0.000000
4088.676908 2590.192751 0.000000
4088.676908 2629.970316 0.000000
4088.676908 2760.893957 0.000000
4088.676908 3017.367067 0.000000
4088.676908 3057.144632 0.000000
4088.676908 3488.717251 0.000000
4088.676908 4041.198280 0.000000
4088.676908 4167.022502 0.000000
4088.676908 4468.372596 0.000000
4088.676908 4594.196818 0.000000
4088.676908 4738.006246 0.000000
4088.676908 5030.071385 0.000000
4088.676908 5165.180561 0.000000
4088.676908 5213.369032 0.000000
4088.676908 5305.466632 0.000000
4088.676908 5601.733534 0.000000
4088.676908 5732.640948 0.000000
4088.676908 5745.665131 0.000000
4088.676908 6172.839447 0.000000
4088.676908 6234.710157 0.000000
4088.676908 6338.000273 0.000000
4088.676908 6658.787698 0.000000
4088.676908 6765.174589 0.000000
4419.879062 427.032104 0.000000
4419.879062 1110.157043 0.000000
4419.879062 1246.948434 0.000000
4419.879062 1537.331359 0.000000
4419.879062 1674.122750 0.000000
4419.879062 1716.496698 0.000000
4419.879062 1778.908713 0.000000
4419.879062 1795.888367 0.000000
4419.879062 1897.565192 0.000000
4419.879062 2143.671013 0.000000
4419.879062 2206.083029 0.000000
4419.879062 2223.062683 0.000000
4419.879062 2324.739508 0.000000
4419.879062 2590.192751 0.000000
4419.879062 2629.970316 0.000000
4419.879062 2760.893957 0.000000
4419.879062 3017.367067 0.000000
4419.879062 3057.144632 0.000000
4419.879062 3488.717251 0.000000
4419.879062 4041.198280 0.000000
4419.879062 4167.022502 0.000000
4419.879062 4468.372596 0.000000
4419.879062 4594.196818 0.000000
4419.879062 4738.006246 0.000000
4419.879062 5030.071385 0.000000
4419.879062 5165.180561 0.000000
4419.879062 5213.369032 0.000000
4419.879062 5305.466632 0.000000
4419.879062 5601.733534 0.000000
4419.879062 5732.640948 0.000000
4419.879062 5745.665131 0.000000
4419.879062 6172.839447 0.000000
4419.879062 6234.710157 0.000000
4419.879062 6338.000273 0.000000
4419.879062 6658.787698 0.000000
4419.879062 6765.174589 0.000000
4498.260174 427.032104 0.000000
4498.260174 1110.157043 0.000000
4498.260174 1246.948434 0.000000
4498.260174 1537.331359 0.000000
4498.260174 1674.122750 0.000000
4498.260174 1716.496698 0.000000
4498.260174 1778.908713 0.000000
4498.260174 1795.888367 0.000000
4498.260174 1897.565192 0.000000
4498.260174 2143.671013 0.000000
4498.260174 2206.083029 0.000000
4498.260174 2223.062683 0.000000
4498.260174 2324.739508 0.000000
4498.260174 2590.192751 0.000000
4498.260174 2629.970316 0.000000
4498.260174 2760.893957 0.000000
4498.260174 3017.367067 0.000000
4498.260174 3057.144632 0.000000
4498.260174 3488.717251 0.000000
4498.260174 4041.198280 0.000000
4498.260174 4167.022502 0.000000
4498.260174 4468.372596 0.000000
4498.260174 4594.196818 0.000000
4498.260174 4738.006246 0.000000
4498.260174 5030.071385 0.000000
4498.260174 5165.180561 0.000000
4498.260174 5213.369032 0.000000
4498.260174 5305.466632 0.000000
4498.260174 5601.733534 0.000000
4498.260174 5732.640948 0.000000
4498.260174 5745.665131 0.000000
4498.260174 6172.839447 0.000000
4498.260174 6234.710157 0.000000
4498.260174 6338.000273 0.000000
4498.260174 6658.787698 0.000000
4498.260174 6765.174589 0.000000
4515.851224 427.032104 0.000000
4515.851224 1110.157043 0.000000
4515.851224 1246.948434 0.000000
4515.851224 1537.331359 0.000000
4515.851224 1674.122750 0.000000
4515.851224 1716.496698 0.000000
4515.851224 1778.908713 0.000000
4515.851224 1795.888367 0.000000
4515.851224 1897.565192 0.000000
4515.851224 2143.671013 0.000000
4515.851224 2206.083029 0.000000
4515.851224 2223.062683 0.000000
4515.851224 2324.739508 0.000000
4515.851224 2590.192751 0.000000
4515.851224 2629.970316 0.000000
4515.851224 2760.893957 0.000000
4515.851224 3017.367067 0.000000
4515.851224 3057.144632 0.000000
4515.851224 3488.717251 0.000000
4515.851224 4041.198280 0.000000
4515.851224 4167.022502 0.000000
4515.851224 4468.372596 0.000000
4515.851224 4594.196818 0.000000
4515.851224 4738.006246 0.000000
4515.851224 5030.071385 0.000000
4515.851224 5165.180561 0.000000
4515.851224 5213.369032 0.000000
4515.851224 5305.466632 0.000000
4515.851224 5601.733534 0.000000
4515.851224 5732.640948 0.000000
4515.851224 5745.665131 0.000000
4515.851224 6172.839447 0.000000
4515.851224 6234.710157 0.000000
4515.851224 6338.000273 0.000000
4515.851224 6658.787698 0.000000
4515.851224 6765.174589 0.000000
4847.053378 427.032104 0.000000
4847.053378 1110.157043 0.000000
4847.053378 1246.948434 0.000000
4847.053378 1537.331359 0.000000
4847.053378 1674.122750 0.000000
4847.053378 1716.496698 0.000000
4847.053378 1778.908713 0.000000
4847.053378 1795.888367 0.000000
4847.053378 1897.565192 0.000000
4847.053378 2143.671013 0.000000
4847.053378 2206.083029 0.000000
4847.053378 2223.062683 0.000000
4847.053378 2324.739508 0.000000
4847.053378 2590.192751 0.000000
4847.053378 2629.970316 0.000000
4847.053378 2760.893957 0.000000
4847.053378 3017.367067 0.000000
4847.053378 3057.144632 0.000000
4847.053378 3488.717251 0.000000
4847.053378 4041.198280 0.000000
4847.053378 4167.022502 0.000000
4847.053378 4468.372596 0.000000
4847.053378 4594.196818 0.000000
4847.053378 4738.006246 0.000000
4847.053378 5030.071385 0.000000
4847.053378 5165.180561 0.000000
4847.053378 5213.369032 0.000000
4847.053378 5305.466632 0.000000
4847.053378 5601.733534 0.000000
4847.053378 5732.640948 0.000000
4847.053378 5745.665131 0.000000
4847.053378 6172.839447 0.000000
4847.053378 6234.710157 0.000000
4847.053378 6338.000273 0.000000
4847.053378 6658.787698 0.000000
4847.053378 6765.174589 0.000000
