0 1 729.302203
1 2 637.288647
2 3 209.631225
3 4 21.658894
4 5 513.608163
5 6 102.021590
6 7 231.290119
7 8 407.356357
8 9 106.251806
9 10 472.976431
10 11 267.691635
11 12 93.306308
12 13 27.118652
13 14 11.263762
14 15 111.720829
15 16 237.664488
16 17 94.521146
17 18 273.619866
18 19 91.011130
19 20 27.118652
20 21 11.263762
21 22 111.720829
22 23 61.300220
23 24 232.950622
24 25 37.934792
25 26 273.619866
26 27 46.458060
27 28 300.246755
28 29 572.067835
29 30 123.074614
30 31 151.777423
31 32 302.581435
32 33 80.942320
33 34 91.552148
34 35 220.066546
35 36 85.508595
36 37 368.850263
37 38 80.942320
38 39 91.552148
39 40 189.235964
40 41 49.057121
41 42 639.144416
42 43 158.718335
43 44 49.057121
44 45 639.144416
0 46 719.466391
1 47 719.466391
46 47 729.302203
2 48 719.466391
47 48 637.288647
3 49 719.466391
48 49 209.631225
4 50 719.466391
49 50 21.658894
5 51 719.466391
50 51 513.608163
6 52 719.466391
51 52 102.021590
7 53 719.466391
52 53 231.290119
8 54 719.466391
53 54 407.356357
9 55 719.466391
54 55 106.251806
10 56 719.466391
55 56 472.976431
11 57 719.466391
56 57 267.691635
12 58 719.466391
57 58 93.306308
13 59 719.466391
58 59 27.118652
14 60 719.466391
59 60 11.263762
15 61 719.466391
60 61 111.720829
16 62 719.466391
61 62 237.664488
17 63 719.466391
62 63 94.521146
18 64 719.466391
63 64 273.619866
19 65 719.466391
64 65 91.011130
20 66 719.466391
65 66 27.118652
21 67 719.466391
66 67 11.263762
22 68 719.466391
67 68 111.720829
23 69 719.466391
68 69 61.300220
24 70 719.466391
69 70 232.950622
25 71 719.466391
70 71 37.934792
26 72 719.466391
71 72 273.619866
27 73 719.466391
72 73 46.458060
28 74 719.466391
73 74 300.246755
29 75 719.466391
74 75 572.067835
30 76 719.466391
75 76 123.074614
31 77 719.466391
76 77 151.777423
32 78 719.466391
77 78 302.581435
33 79 719.466391
78 79 80.942320
34 80 719.466391
79 80 91.552148
35 81 719.466391
80 81 220.066546
36 82 719.466391
81 82 85.508595
37 83 719.466391
82 83 368.850263
38 84 719.466391
83 84 80.942320
39 85 719.466391
84 85 91.552148
40 86 719.466391
85 86 189.235964
41 87 719.466391
86 87 49.057121
42 88 719.466391
87 88 639.144416
43 89 719.466391
88 89 158.718335
44 90 719.466391
89 90 49.057121
45 91 719.466391
90 91 639.144416
46 92 100.036879
47 93 100.036879
92 93 729.302203
48 94 100.036879
93 94 637.288647
49 95 100.036879
94 95 209.631225
50 96 100.036879
95 96 21.658894
51 97 100.036879
96 97 513.608163
52 98 100.036879
97 98 102.021590
53 99 100.036879
98 99 231.290119
54 100 100.036879
99 100 407.356357
55 101 100.036879
100 101 106.251806
56 102 100.036879
101 102 472.976431
57 103 100.036879
102 103 267.691635
58 104 100.036879
103 104 93.306308
59 105 100.036879
104 105 27.118652
60 106 100.036879
105 106 11.263762
61 107 100.036879
106 107 111.720829
62 108 100.036879
107 108 237.664488
63 109 100.036879
108 109 94.521146
64 110 100.036879
109 110 273.619866
65 111 100.036879
110 111 91.011130
66 112 100.036879
111 112 27.118652
67 113 100.036879
112 113 11.263762
68 114 100.036879
113 114 111.720829
69 115 100.036879
114 115 61.300220
70 116 100.036879
115 116 232.950622
71 117 100.036879
116 117 37.934792
72 118 100.036879
117 118 273.619866
73 119 100.036879
118 119 46.458060
74 120 100.036879
119 120 300.246755
75 121 100.036879
120 121 572.067835
76 122 100.036879
121 122 123.074614
77 123 100.036879
122 123 151.777423
78 124 100.036879
123 124 302.581435
79 125 100.036879
124 125 80.942320
80 126 100.036879
125 126 91.552148
81 127 100.036879
126 127 220.066546
82 128 100.036879
127 128 85.508595
83 129 100.036879
128 129 368.850263
84 130 100.036879
129 130 80.942320
85 131 100.036879
130 131 91.552148
86 132 100.036879
131 132 189.235964
87 133 100.036879
132 133 49.057121
88 134 100.036879
133 134 639.144416
89 135 100.036879
134 135 158.718335
90 136 100.036879
135 136 49.057121
91 137 100.036879
136 137 639.144416
92 138 501.238402
93 139 501.238402
138 139 729.302203
94 140 501.238402
139 140 637.288647
95 141 501.238402
140 141 209.631225
96 142 501.238402
141 142 21.658894
97 143 501.238402
142 143 513.608163
98 144 501.238402
143 144 102.021590
99 145 501.238402
144 145 231.290119
100 146 501.238402
145 146 407.356357
101 147 501.238402
146 147 106.251806
102 148 501.238402
147 148 472.976431
103 149 501.238402
148 149 267.691635
104 150 501.238402
149 150 93.306308
105 151 501.238402
150 151 27.118652
106 152 501.238402
151 152 11.263762
107 153 501.238402
152 153 111.720829
108 154 501.238402
153 154 237.664488
109 155 501.238402
154 155 94.521146
110 156 501.238402
155 156 273.619866
111 157 501.238402
156 157 91.011130
112 158 501.238402
157 158 27.118652
113 159 501.238402
158 159 11.263762
114 160 501.238402
159 160 111.720829
115 161 501.238402
160 161 61.300220
116 162 501.238402
161 162 232.950622
117 163 501.238402
162 163 37.934792
118 164 501.238402
163 164 273.619866
119 165 501.238402
164 165 46.458060
120 166 501.238402
165 166 300.246755
121 167 501.238402
166 167 572.067835
122 168 501.238402
167 168 123.074614
123 169 501.238402
168 169 151.777423
124 170 501.238402
169 170 302.581435
125 171 501.238402
170 171 80.942320
126 172 501.238402
171 172 91.552148
127 173 501.238402
172 173 220.066546
128 174 501.238402
173 174 85.508595
129 175 501.238402
174 175 368.850263
130 176 501.238402
175 176 80.942320
131 177 501.238402
176 177 91.552148
132 178 501.238402
177 178 189.235964
133 179 1503.715206
178 179 147.171364
134 180 1503.715206
179 180 1917.433247
135 181 501.238402
180 181 476.155006
136 182 501.238402
181 182 49.057121
137 183 501.238402
182 183 639.144416
138 184 73.636103
139 185 73.636103
184 185 729.302203
140 186 73.636103
185 186 637.288647
141 187 73.636103
186 187 209.631225
142 188 73.636103
187 188 21.658894
143 189 73.636103
188 189 513.608163
144 190 73.636103
189 190 102.021590
145 191 73.636103
190 191 231.290119
146 192 73.636103
191 192 407.356357
147 193 73.636103
192 193 106.251806
148 194 73.636103
193 194 472.976431
149 195 73.636103
194 195 267.691635
150 196 73.636103
195 196 93.306308
151 197 73.636103
196 197 27.118652
152 198 73.636103
197 198 11.263762
153 199 73.636103
198 199 111.720829
154 200 73.636103
199 200 237.664488
155 201 73.636103
200 201 94.521146
156 202 73.636103
201 202 273.619866
157 203 73.636103
202 203 91.011130
158 204 73.636103
203 204 27.118652
159 205 73.636103
204 205 11.263762
160 206 73.636103
205 206 111.720829
161 207 73.636103
206 207 61.300220
162 208 73.636103
207 208 232.950622
163 209 73.636103
208 209 37.934792
164 210 73.636103
209 210 273.619866
165 211 73.636103
210 211 46.458060
166 212 73.636103
211 212 300.246755
167 213 73.636103
212 213 572.067835
168 214 73.636103
213 214 123.074614
169 215 73.636103
214 215 151.777423
170 216 73.636103
215 216 302.581435
171 217 73.636103
216 217 80.942320
172 218 73.636103
217 218 91.552148
173 219 73.636103
218 219 220.066546
174 220 73.636103
219 220 85.508595
175 221 73.636103
220 221 368.850263
176 222 73.636103
221 222 80.942320
177 223 73.636103
222 223 91.552148
178 224 73.636103
223 224 189.235964
179 225 220.908310
224 225 147.171364
180 226 220.908310
225 226 1917.433247
181 227 220.908310
226 227 476.155006
182 228 220.908310
227 228 147.171364
183 229 73.636103
228 229 1917.433247
184 230 58.022665
185 231 58.022665
230 231 729.302203
186 232 58.022665
231 232 637.288647
187 233 174.067994
232 233 628.893676
188 234 174.067994
233 234 64.976683
189 235 174.067994
234 235 1540.824488
190 236 58.022665
235 236 306.064771
191 237 58.022665
236 237 231.290119
192 238 58.022665
237 238 407.356357
193 239 58.022665
238 239 106.251806
194 240 58.022665
239 240 472.976431
195 241 58.022665
240 241 267.691635
196 242 58.022665
241 242 93.306308
197 243 58.022665
242 243 27.118652
198 244 58.022665
243 244 11.263762
199 245 58.022665
244 245 111.720829
200 246 58.022665
245 246 237.664488
201 247 58.022665
246 247 94.521146
202 248 58.022665
247 248 273.619866
203 249 58.022665
248 249 91.011130
204 250 58.022665
249 250 27.118652
205 251 58.022665
250 251 11.263762
206 252 58.022665
251 252 111.720829
207 253 58.022665
252 253 61.300220
208 254 58.022665
253 254 232.950622
209 255 58.022665
254 255 37.934792
210 256 58.022665
255 256 273.619866
211 257 58.022665
256 257 46.458060
212 258 58.022665
257 258 300.246755
213 259 58.022665
258 259 572.067835
214 260 58.022665
259 260 123.074614
215 261 58.022665
260 261 151.777423
216 262 58.022665
261 262 302.581435
217 263 58.022665
262 263 80.942320
218 264 58.022665
263 264 91.552148
219 265 58.022665
264 265 220.066546
220 266 58.022665
265 266 85.508595
221 267 58.022665
266 267 368.850263
222 268 58.022665
267 268 80.942320
223 269 58.022665
268 269 91.552148
224 270 58.022665
269 270 189.235964
225 271 174.067994
270 271 147.171364
226 272 174.067994
271 272 1917.433247
227 273 174.067994
272 273 476.155006
228 274 174.067994
273 274 147.171364
229 275 58.022665
274 275 1917.433247
230 276 214.022702
231 277 214.022702
276 277 729.302203
232 278 214.022702
277 278 637.288647
233 279 642.068107
278 279 628.893676
234 280 642.068107
279 280 64.976683
235 281 642.068107
280 281 1540.824488
236 282 214.022702
281 282 306.064771
237 283 214.022702
282 283 231.290119
238 284 214.022702
283 284 407.356357
239 285 214.022702
284 285 106.251806
240 286 214.022702
285 286 472.976431
241 287 214.022702
286 287 267.691635
242 288 214.022702
287 288 93.306308
243 289 214.022702
288 289 27.118652
244 290 214.022702
289 290 11.263762
245 291 214.022702
290 291 111.720829
246 292 214.022702
291 292 237.664488
247 293 214.022702
292 293 94.521146
248 294 214.022702
293 294 273.619866
249 295 214.022702
294 295 91.011130
250 296 214.022702
295 296 27.118652
251 297 214.022702
296 297 11.263762
252 298 214.022702
297 298 111.720829
253 299 214.022702
298 299 61.300220
254 300 214.022702
299 300 232.950622
255 301 214.022702
300 301 37.934792
256 302 214.022702
301 302 273.619866
257 303 214.022702
302 303 46.458060
258 304 214.022702
303 304 300.246755
259 305 214.022702
304 305 572.067835
260 306 214.022702
305 306 123.074614
261 307 214.022702
306 307 151.777423
262 308 214.022702
307 308 302.581435
267 313 214.022702
268 314 214.022702
313 314 80.942320
269 315 214.022702
314 315 91.552148
270 316 214.022702
315 316 189.235964
271 317 642.068107
316 317 49.057121
272 318 642.068107
317 318 639.144416
273 319 642.068107
318 319 476.155006
274 320 642.068107
319 320 147.171364
275 321 214.022702
320 321 1917.433247
276 322 74.338126
277 323 74.338126
322 323 729.302203
278 324 74.338126
323 324 637.288647
279 325 223.014378
324 325 628.893676
280 326 223.014378
325 326 64.976683
281 327 223.014378
326 327 1540.824488
282 328 74.338126
327 328 306.064771
283 329 74.338126
328 329 231.290119
284 330 74.338126
329 330 407.356357
285 331 74.338126
330 331 106.251806
286 332 74.338126
331 332 472.976431
287 333 74.338126
332 333 267.691635
288 334 74.338126
333 334 93.306308
289 335 74.338126
334 335 27.118652
290 336 74.338126
335 336 11.263762
291 337 74.338126
336 337 111.720829
292 338 74.338126
337 338 237.664488
293 339 74.338126
338 339 94.521146
294 340 74.338126
339 340 273.619866
295 341 74.338126
340 341 91.011130
296 342 74.338126
341 342 27.118652
297 343 74.338126
342 343 11.263762
298 344 74.338126
343 344 111.720829
299 345 74.338126
344 345 61.300220
300 346 74.338126
345 346 232.950622
301 347 74.338126
346 347 37.934792
302 348 74.338126
347 348 273.619866
303 349 74.338126
348 349 46.458060
304 350 74.338126
349 350 300.246755
305 351 74.338126
350 351 572.067835
306 352 74.338126
351 352 123.074614
307 353 74.338126
352 353 151.777423
308 354 74.338126
353 354 302.581435
313 359 74.338126
314 360 74.338126
359 360 80.942320
315 361 74.338126
360 361 91.552148
316 362 74.338126
361 362 189.235964
317 363 74.338126
362 363 49.057121
318 364 74.338126
363 364 639.144416
319 365 223.014378
364 365 476.155006
320 366 223.014378
365 366 147.171364
321 367 74.338126
366 367 1917.433247
322 368 170.369483
323 369 170.369483
368 369 729.302203
324 370 170.369483
369 370 637.288647
325 371 511.108449
370 371 628.893676
326 372 511.108449
371 372 64.976683
327 373 511.108449
372 373 1540.824488
328 374 170.369483
373 374 306.064771
329 375 170.369483
374 375 231.290119
330 376 170.369483
375 376 407.356357
331 377 170.369483
376 377 106.251806
332 378 170.369483
377 378 472.976431
333 379 170.369483
378 379 267.691635
334 380 170.369483
379 380 93.306308
335 381 170.369483
380 381 27.118652
336 382 170.369483
381 382 11.263762
337 383 170.369483
382 383 111.720829
338 384 170.369483
383 384 237.664488
339 385 170.369483
384 385 94.521146
340 386 511.108449
385 386 820.859598
341 387 511.108449
386 387 273.033390
342 388 511.108449
387 388 81.355955
343 389 511.108449
388 389 33.791285
344 390 511.108449
389 390 335.162486
345 391 511.108449
390 391 183.900660
346 392 511.108449
391 392 698.851866
347 393 170.369483
392 393 113.804376
348 394 170.369483
393 394 273.619866
349 395 170.369483
394 395 46.458060
350 396 170.369483
395 396 300.246755
351 397 170.369483
396 397 572.067835
352 398 170.369483
397 398 123.074614
353 399 170.369483
398 399 151.777423
354 400 170.369483
399 400 302.581435
359 405 170.369483
360 406 170.369483
405 406 80.942320
361 407 170.369483
406 407 91.552148
362 408 170.369483
407 408 189.235964
363 409 170.369483
408 409 49.057121
364 410 170.369483
409 410 639.144416
365 411 511.108449
410 411 476.155006
366 412 511.108449
411 412 147.171364
367 413 170.369483
412 413 1917.433247
368 414 256.530793
369 415 256.530793
414 415 729.302203
370 416 256.530793
415 416 637.288647
371 417 769.592379
416 417 628.893676
372 418 769.592379
417 418 64.976683
373 419 769.592379
418 419 1540.824488
374 420 769.592379
419 420 306.064771
375 421 769.592379
420 421 693.870358
376 422 769.592379
421 422 1222.069071
377 423 256.530793
422 423 318.755417
378 424 256.530793
423 424 472.976431
379 425 256.530793
424 425 267.691635
380 426 256.530793
425 426 93.306308
381 427 256.530793
426 427 27.118652
382 428 256.530793
427 428 11.263762
383 429 256.530793
428 429 111.720829
384 430 256.530793
429 430 237.664488
385 431 256.530793
430 431 94.521146
386 432 769.592379
431 432 820.859598
387 433 769.592379
432 433 273.033390
388 434 769.592379
433 434 81.355955
389 435 769.592379
434 435 33.791285
390 436 769.592379
435 436 335.162486
391 437 769.592379
436 437 183.900660
392 438 769.592379
437 438 698.851866
393 439 256.530793
438 439 113.804376
394 440 256.530793
439 440 273.619866
395 441 256.530793
440 441 46.458060
396 442 256.530793
441 442 300.246755
397 443 256.530793
442 443 572.067835
398 444 256.530793
443 444 123.074614
399 445 256.530793
444 445 151.777423
400 446 256.530793
445 446 302.581435
405 451 256.530793
406 452 256.530793
451 452 80.942320
407 453 256.530793
452 453 91.552148
408 454 256.530793
453 454 189.235964
409 455 256.530793
454 455 49.057121
410 456 256.530793
455 456 639.144416
411 457 769.592379
456 457 158.718335
412 458 769.592379
457 458 49.057121
413 459 256.530793
458 459 639.144416
414 460 58.115017
415 461 58.115017
460 461 729.302203
416 462 58.115017
461 462 637.288647
417 463 174.345050
462 463 628.893676
418 464 174.345050
463 464 64.976683
419 465 174.345050
464 465 1540.824488
420 466 174.345050
465 466 306.064771
421 467 174.345050
466 467 693.870358
422 468 174.345050
467 468 1222.069071
423 469 58.115017
468 469 318.755417
424 470 58.115017
469 470 472.976431
425 471 58.115017
470 471 267.691635
426 472 58.115017
471 472 93.306308
427 473 58.115017
472 473 27.118652
428 474 58.115017
473 474 11.263762
429 475 58.115017
474 475 111.720829
430 476 58.115017
475 476 237.664488
431 477 58.115017
476 477 94.521146
432 478 174.345050
477 478 820.859598
433 479 174.345050
478 479 273.033390
434 480 174.345050
479 480 81.355955
435 481 174.345050
480 481 33.791285
436 482 174.345050
481 482 335.162486
437 483 174.345050
482 483 183.900660
438 484 174.345050
483 484 698.851866
439 485 58.115017
484 485 113.804376
440 486 58.115017
485 486 273.619866
441 487 58.115017
486 487 46.458060
442 488 58.115017
487 488 300.246755
443 489 58.115017
488 489 572.067835
444 490 58.115017
489 490 123.074614
445 491 58.115017
490 491 151.777423
446 492 58.115017
491 492 302.581435
451 497 58.115017
452 498 58.115017
497 498 80.942320
453 499 58.115017
498 499 91.552148
454 500 58.115017
499 500 189.235964
455 501 58.115017
500 501 49.057121
456 502 58.115017
501 502 639.144416
457 503 58.115017
502 503 158.718335
458 504 58.115017
503 504 49.057121
459 505 58.115017
504 505 639.144416
460 506 15.521087
461 507 15.521087
506 507 729.302203
462 508 15.521087
507 508 637.288647
463 509 46.563260
508 509 209.631225
464 510 46.563260
509 510 21.658894
465 511 46.563260
510 511 513.608163
466 512 46.563260
511 512 306.064771
467 513 46.563260
512 513 693.870358
468 514 46.563260
513 514 1222.069071
469 515 15.521087
514 515 318.755417
470 516 15.521087
515 516 472.976431
471 517 15.521087
516 517 267.691635
472 518 15.521087
517 518 93.306308
473 519 15.521087
518 519 27.118652
474 520 15.521087
519 520 11.263762
475 521 15.521087
520 521 111.720829
476 522 15.521087
521 522 237.664488
477 523 15.521087
522 523 94.521146
478 524 46.563260
523 524 820.859598
486 532 15.521087
487 533 15.521087
532 533 46.458060
488 534 15.521087
533 534 300.246755
489 535 15.521087
534 535 572.067835
490 536 15.521087
535 536 123.074614
491 537 15.521087
536 537 151.777423
492 538 15.521087
537 538 302.581435
497 543 15.521087
498 544 15.521087
543 544 80.942320
499 545 15.521087
544 545 91.552148
500 546 15.521087
545 546 189.235964
501 547 15.521087
546 547 49.057121
502 548 15.521087
547 548 639.144416
503 549 15.521087
548 549 158.718335
504 550 15.521087
549 550 49.057121
505 551 15.521087
550 551 639.144416
506 552 58.022665
507 553 58.022665
552 553 729.302203
508 554 58.022665
553 554 637.288647
509 555 58.022665
554 555 209.631225
510 556 58.022665
555 556 21.658894
511 557 58.022665
556 557 513.608163
512 558 174.067994
557 558 306.064771
513 559 174.067994
558 559 693.870358
514 560 174.067994
559 560 1222.069071
515 561 58.022665
560 561 318.755417
516 562 58.022665
561 562 472.976431
517 563 58.022665
562 563 267.691635
518 564 58.022665
563 564 93.306308
519 565 58.022665
564 565 27.118652
520 566 58.022665
565 566 11.263762
521 567 58.022665
566 567 111.720829
522 568 58.022665
567 568 237.664488
523 569 58.022665
568 569 94.521146
524 570 174.067994
569 570 820.859598
532 578 58.022665
533 579 58.022665
578 579 46.458060
534 580 58.022665
579 580 300.246755
535 581 58.022665
580 581 572.067835
536 582 58.022665
581 582 123.074614
537 583 58.022665
582 583 151.777423
538 584 58.022665
583 584 302.581435
584 585 80.942320
585 586 91.552148
586 587 220.066546
587 588 85.508595
543 589 58.022665
588 589 368.850263
544 590 58.022665
589 590 80.942320
545 591 58.022665
590 591 91.552148
546 592 58.022665
591 592 189.235964
547 593 58.022665
592 593 49.057121
548 594 58.022665
593 594 639.144416
549 595 58.022665
594 595 158.718335
550 596 58.022665
595 596 49.057121
551 597 58.022665
596 597 639.144416
552 598 248.239269
553 599 248.239269
598 599 729.302203
554 600 248.239269
599 600 637.288647
555 601 248.239269
600 601 209.631225
556 602 248.239269
601 602 21.658894
557 603 248.239269
602 603 513.608163
558 604 744.717806
603 604 306.064771
559 605 744.717806
604 605 693.870358
560 606 744.717806
605 606 1222.069071
561 607 248.239269
606 607 318.755417
562 608 248.239269
607 608 472.976431
563 609 248.239269
608 609 267.691635
564 610 248.239269
609 610 93.306308
565 611 248.239269
610 611 27.118652
566 612 248.239269
611 612 11.263762
567 613 248.239269
612 613 111.720829
568 614 248.239269
613 614 237.664488
569 615 248.239269
614 615 94.521146
570 616 744.717806
615 616 820.859598
578 624 248.239269
579 625 248.239269
624 625 46.458060
580 626 248.239269
625 626 300.246755
581 627 248.239269
626 627 572.067835
582 628 248.239269
627 628 123.074614
583 629 248.239269
628 629 151.777423
584 630 248.239269
629 630 302.581435
585 631 248.239269
630 631 80.942320
586 632 248.239269
631 632 91.552148
587 633 248.239269
632 633 220.066546
588 634 248.239269
633 634 85.508595
589 635 248.239269
634 635 368.850263
590 636 248.239269
635 636 80.942320
591 637 248.239269
636 637 91.552148
592 638 248.239269
637 638 189.235964
593 639 248.239269
638 639 49.057121
594 640 248.239269
639 640 639.144416
595 641 248.239269
640 641 158.718335
596 642 248.239269
641 642 49.057121
597 643 248.239269
642 643 639.144416
598 644 40.121560
599 645 40.121560
644 645 729.302203
600 646 40.121560
645 646 637.288647
601 647 40.121560
646 647 209.631225
602 648 40.121560
647 648 21.658894
603 649 40.121560
648 649 513.608163
604 650 120.364679
649 650 306.064771
605 651 120.364679
650 651 693.870358
606 652 120.364679
651 652 1222.069071
607 653 40.121560
652 653 318.755417
608 654 40.121560
653 654 472.976431
609 655 40.121560
654 655 267.691635
610 656 40.121560
655 656 93.306308
611 657 40.121560
656 657 27.118652
612 658 40.121560
657 658 11.263762
613 659 40.121560
658 659 111.720829
614 660 40.121560
659 660 237.664488
615 661 40.121560
660 661 94.521146
616 662 120.364679
661 662 273.619866
624 670 40.121560
625 671 40.121560
670 671 46.458060
626 672 40.121560
671 672 300.246755
627 673 40.121560
672 673 572.067835
628 674 40.121560
673 674 123.074614
629 675 40.121560
674 675 151.777423
630 676 40.121560
675 676 302.581435
631 677 40.121560
676 677 80.942320
632 678 40.121560
677 678 91.552148
633 679 40.121560
678 679 220.066546
634 680 40.121560
679 680 85.508595
635 681 40.121560
680 681 368.850263
636 682 40.121560
681 682 80.942320
637 683 40.121560
682 683 91.552148
638 684 40.121560
683 684 189.235964
639 685 40.121560
684 685 49.057121
642 688 40.121560
643 689 40.121560
688 689 639.144416
644 690 170.369483
645 691 170.369483
690 691 729.302203
646 692 170.369483
691 692 637.288647
647 693 170.369483
692 693 209.631225
648 694 170.369483
693 694 21.658894
649 695 170.369483
694 695 513.608163
650 696 511.108449
695 696 102.021590
651 697 511.108449
696 697 231.290119
652 698 511.108449
697 698 407.356357
653 699 170.369483
698 699 106.251806
654 700 170.369483
699 700 472.976431
655 701 170.369483
700 701 267.691635
656 702 170.369483
701 702 93.306308
657 703 170.369483
702 703 27.118652
658 704 170.369483
703 704 11.263762
659 705 170.369483
704 705 111.720829
660 706 170.369483
705 706 237.664488
661 707 170.369483
706 707 94.521146
662 708 170.369483
707 708 273.619866
670 716 170.369483
671 717 170.369483
716 717 46.458060
672 718 170.369483
717 718 300.246755
673 719 170.369483
718 719 572.067835
674 720 170.369483
719 720 123.074614
675 721 170.369483
720 721 151.777423
676 722 170.369483
721 722 302.581435
677 723 170.369483
722 723 80.942320
678 724 170.369483
723 724 91.552148
679 725 170.369483
724 725 220.066546
680 726 170.369483
725 726 85.508595
681 727 170.369483
726 727 368.850263
682 728 170.369483
727 728 80.942320
683 729 170.369483
728 729 91.552148
684 730 170.369483
729 730 189.235964
685 731 170.369483
730 731 49.057121
688 734 170.369483
689 735 170.369483
734 735 639.144416
690 736 14.599336
691 737 14.599336
736 737 729.302203
692 738 14.599336
737 738 637.288647
693 739 14.599336
738 739 209.631225
694 740 14.599336
739 740 21.658894
695 741 14.599336
740 741 513.608163
696 742 14.599336
741 742 102.021590
697 743 14.599336
742 743 231.290119
698 744 14.599336
743 744 407.356357
699 745 14.599336
744 745 106.251806
700 746 14.599336
745 746 472.976431
701 747 14.599336
746 747 267.691635
702 748 14.599336
747 748 93.306308
703 749 14.599336
748 749 27.118652
704 750 14.599336
749 750 11.263762
705 751 14.599336
750 751 111.720829
706 752 14.599336
751 752 237.664488
707 753 14.599336
752 753 94.521146
708 754 14.599336
753 754 273.619866
716 762 14.599336
717 763 14.599336
762 763 46.458060
718 764 14.599336
763 764 300.246755
719 765 14.599336
764 765 572.067835
720 766 14.599336
765 766 123.074614
721 767 14.599336
766 767 151.777423
722 768 14.599336
767 768 302.581435
723 769 14.599336
768 769 80.942320
724 770 14.599336
769 770 91.552148
725 771 14.599336
770 771 220.066546
726 772 14.599336
771 772 85.508595
727 773 14.599336
772 773 368.850263
728 774 14.599336
773 774 80.942320
729 775 14.599336
774 775 91.552148
730 776 14.599336
775 776 189.235964
731 777 14.599336
776 777 49.057121
734 780 14.599336
735 781 14.599336
780 781 639.144416
736 782 191.664097
737 783 191.664097
782 783 729.302203
738 784 191.664097
783 784 637.288647
739 785 191.664097
784 785 209.631225
740 786 191.664097
785 786 21.658894
741 787 191.664097
786 787 513.608163
742 788 191.664097
787 788 102.021590
743 789 191.664097
788 789 231.290119
744 790 191.664097
789 790 407.356357
745 791 191.664097
790 791 106.251806
746 792 191.664097
791 792 472.976431
747 793 191.664097
792 793 267.691635
748 794 191.664097
793 794 93.306308
749 795 191.664097
794 795 27.118652
750 796 191.664097
795 796 11.263762
762 808 191.664097
763 809 191.664097
808 809 46.458060
764 810 191.664097
809 810 300.246755
765 811 191.664097
810 811 572.067835
766 812 191.664097
811 812 123.074614
767 813 191.664097
812 813 151.777423
768 814 191.664097
813 814 302.581435
769 815 191.664097
814 815 80.942320
770 816 191.664097
815 816 91.552148
771 817 191.664097
816 817 220.066546
772 818 191.664097
817 818 85.508595
773 819 191.664097
818 819 368.850263
774 820 191.664097
819 820 80.942320
775 821 191.664097
820 821 91.552148
776 822 191.664097
821 822 189.235964
777 823 191.664097
822 823 49.057121
780 826 191.664097
781 827 191.664097
826 827 639.144416
782 828 108.382377
783 829 108.382377
828 829 729.302203
784 830 108.382377
829 830 637.288647
785 831 108.382377
830 831 209.631225
786 832 108.382377
831 832 21.658894
787 833 108.382377
832 833 513.608163
788 834 108.382377
833 834 102.021590
789 835 108.382377
834 835 231.290119
790 836 108.382377
835 836 407.356357
791 837 108.382377
836 837 106.251806
792 838 108.382377
837 838 472.976431
793 839 108.382377
838 839 267.691635
794 840 108.382377
839 840 93.306308
795 841 108.382377
840 841 27.118652
796 842 108.382377
841 842 11.263762
849 850 111.720829
850 851 61.300220
851 852 232.950622
852 853 37.934792
808 854 108.382377
853 854 273.619866
809 855 108.382377
854 855 46.458060
810 856 108.382377
855 856 300.246755
811 857 108.382377
856 857 572.067835
812 858 108.382377
857 858 123.074614
813 859 108.382377
858 859 151.777423
814 860 108.382377
859 860 302.581435
815 861 108.382377
860 861 80.942320
820 866 108.382377
821 867 108.382377
866 867 91.552148
822 868 108.382377
867 868 189.235964
823 869 108.382377
868 869 49.057121
826 872 108.382377
827 873 108.382377
872 873 639.144416
828 874 321.783020
829 875 321.783020
874 875 729.302203
830 876 321.783020
875 876 637.288647
831 877 321.783020
876 877 209.631225
832 878 321.783020
877 878 21.658894
833 879 321.783020
878 879 513.608163
834 880 321.783020
879 880 102.021590
835 881 321.783020
880 881 231.290119
836 882 321.783020
881 882 407.356357
837 883 321.783020
882 883 106.251806
838 884 321.783020
883 884 472.976431
839 885 321.783020
884 885 267.691635
840 886 321.783020
885 886 93.306308
841 887 321.783020
886 887 27.118652
842 888 321.783020
887 888 11.263762
849 895 321.783020
850 896 321.783020
895 896 111.720829
851 897 321.783020
896 897 61.300220
852 898 321.783020
897 898 232.950622
853 899 321.783020
898 899 37.934792
854 900 321.783020
899 900 273.619866
855 901 321.783020
900 901 46.458060
856 902 321.783020
901 902 300.246755
857 903 321.783020
902 903 572.067835
858 904 321.783020
903 904 123.074614
859 905 321.783020
904 905 151.777423
860 906 321.783020
905 906 302.581435
861 907 321.783020
906 907 80.942320
866 912 321.783020
867 913 321.783020
912 913 91.552148
868 914 321.783020
913 914 189.235964
869 915 321.783020
914 915 49.057121
915 916 639.144416
916 917 158.718335
872 918 321.783020
917 918 49.057121
873 919 321.783020
918 919 639.144416
874 920 225.090379
875 921 225.090379
920 921 729.302203
876 922 225.090379
921 922 637.288647
877 923 225.090379
922 923 209.631225
878 924 225.090379
923 924 21.658894
879 925 225.090379
924 925 513.608163
880 926 225.090379
925 926 102.021590
881 927 225.090379
926 927 231.290119
882 928 225.090379
927 928 407.356357
883 929 225.090379
928 929 106.251806
884 930 225.090379
929 930 472.976431
885 931 225.090379
930 931 267.691635
886 932 225.090379
931 932 93.306308
887 933 225.090379
932 933 27.118652
888 934 225.090379
933 934 11.263762
934 935 111.720829
935 936 237.664488
936 937 94.521146
937 938 273.619866
938 939 91.011130
939 940 27.118652
895 941 225.090379
940 941 11.263762
896 942 225.090379
941 942 111.720829
897 943 225.090379
942 943 61.300220
898 944 225.090379
943 944 232.950622
899 945 225.090379
944 945 37.934792
900 946 225.090379
945 946 273.619866
901 947 225.090379
946 947 46.458060
902 948 225.090379
947 948 300.246755
903 949 225.090379
948 949 572.067835
904 950 225.090379
949 950 123.074614
905 951 225.090379
950 951 151.777423
906 952 225.090379
951 952 302.581435
907 953 225.090379
952 953 80.942320
912 958 225.090379
913 959 225.090379
958 959 91.552148
914 960 225.090379
959 960 189.235964
915 961 225.090379
960 961 49.057121
916 962 225.090379
961 962 639.144416
917 963 225.090379
962 963 158.718335
918 964 225.090379
963 964 49.057121
919 965 225.090379
964 965 639.144416
920 966 43.417143
921 967 43.417143
966 967 729.302203
922 968 43.417143
967 968 637.288647
923 969 43.417143
968 969 209.631225
924 970 43.417143
969 970 21.658894
925 971 43.417143
970 971 513.608163
926 972 43.417143
971 972 102.021590
927 973 43.417143
972 973 231.290119
928 974 43.417143
973 974 407.356357
929 975 43.417143
974 975 106.251806
930 976 43.417143
975 976 472.976431
931 977 43.417143
976 977 267.691635
932 978 43.417143
977 978 93.306308
933 979 43.417143
978 979 27.118652
934 980 43.417143
979 980 11.263762
935 981 43.417143
980 981 111.720829
936 982 43.417143
981 982 237.664488
937 983 43.417143
982 983 94.521146
938 984 43.417143
983 984 273.619866
939 985 43.417143
984 985 91.011130
940 986 43.417143
985 986 27.118652
941 987 43.417143
986 987 11.263762
942 988 43.417143
987 988 111.720829
943 989 43.417143
988 989 61.300220
944 990 43.417143
989 990 232.950622
945 991 43.417143
990 991 37.934792
946 992 43.417143
991 992 273.619866
947 993 43.417143
992 993 46.458060
948 994 43.417143
993 994 300.246755
949 995 43.417143
994 995 572.067835
950 996 43.417143
995 996 123.074614
951 997 43.417143
996 997 151.777423
952 998 43.417143
997 998 302.581435
953 999 43.417143
998 999 80.942320
958 1004 43.417143
959 1005 43.417143
1004 1005 91.552148
960 1006 43.417143
1005 1006 189.235964
961 1007 43.417143
1006 1007 49.057121
962 1008 43.417143
1007 1008 639.144416
963 1009 43.417143
1008 1009 158.718335
964 1010 43.417143
1009 1010 49.057121
965 1011 43.417143
1010 1011 639.144416
966 1012 148.246954
967 1013 148.246954
1012 1013 729.302203
968 1014 148.246954
1013 1014 637.288647
969 1015 148.246954
1014 1015 209.631225
970 1016 148.246954
1015 1016 21.658894
971 1017 148.246954
1016 1017 513.608163
972 1018 148.246954
1017 1018 102.021590
973 1019 148.246954
1018 1019 231.290119
974 1020 148.246954
1019 1020 407.356357
975 1021 148.246954
1020 1021 106.251806
976 1022 148.246954
1021 1022 472.976431
977 1023 148.246954
1022 1023 267.691635
978 1024 148.246954
1023 1024 93.306308
979 1025 148.246954
1024 1025 27.118652
980 1026 148.246954
1025 1026 11.263762
981 1027 148.246954
1026 1027 111.720829
982 1028 148.246954
1027 1028 237.664488
983 1029 148.246954
1028 1029 94.521146
984 1030 148.246954
1029 1030 273.619866
985 1031 148.246954
1030 1031 91.011130
986 1032 148.246954
1031 1032 27.118652
987 1033 148.246954
1032 1033 11.263762
988 1034 148.246954
1033 1034 111.720829
989 1035 148.246954
1034 1035 61.300220
990 1036 148.246954
1035 1036 232.950622
991 1037 148.246954
1036 1037 37.934792
992 1038 148.246954
1037 1038 273.619866
993 1039 148.246954
1038 1039 46.458060
994 1040 148.246954
1039 1040 300.246755
995 1041 148.246954
1040 1041 572.067835
996 1042 148.246954
1041 1042 123.074614
997 1043 148.246954
1042 1043 151.777423
998 1044 148.246954
1043 1044 302.581435
999 1045 148.246954
1044 1045 80.942320
1045 1046 91.552148
1046 1047 220.066546
1047 1048 85.508595
1048 1049 368.850263
1004 1050 148.246954
1049 1050 80.942320
1005 1051 148.246954
1050 1051 91.552148
1006 1052 148.246954
1051 1052 189.235964
1007 1053 148.246954
1052 1053 49.057121
1008 1054 148.246954
1053 1054 639.144416
1009 1055 148.246954
1054 1055 158.718335
1010 1056 148.246954
1055 1056 49.057121
1011 1057 148.246954
1056 1057 639.144416
1012 1058 152.207227
1013 1059 152.207227
1058 1059 729.302203
1014 1060 152.207227
1059 1060 637.288647
1015 1061 152.207227
1060 1061 209.631225
1016 1062 152.207227
1061 1062 21.658894
1017 1063 152.207227
1062 1063 513.608163
1018 1064 152.207227
1063 1064 102.021590
1019 1065 152.207227
1064 1065 231.290119
1020 1066 152.207227
1065 1066 407.356357
1021 1067 152.207227
1066 1067 106.251806
1022 1068 152.207227
1067 1068 472.976431
1023 1069 152.207227
1068 1069 267.691635
1024 1070 152.207227
1069 1070 93.306308
1025 1071 152.207227
1070 1071 27.118652
1026 1072 152.207227
1071 1072 11.263762
1027 1073 152.207227
1072 1073 111.720829
1028 1074 152.207227
1073 1074 237.664488
1029 1075 152.207227
1074 1075 94.521146
1030 1076 152.207227
1075 1076 273.619866
1031 1077 152.207227
1076 1077 91.011130
1032 1078 152.207227
1077 1078 27.118652
1033 1079 152.207227
1078 1079 11.263762
1034 1080 152.207227
1079 1080 111.720829
1035 1081 152.207227
1080 1081 61.300220
1036 1082 152.207227
1081 1082 232.950622
1037 1083 152.207227
1082 1083 37.934792
1038 1084 152.207227
1083 1084 273.619866
1039 1085 152.207227
1084 1085 46.458060
1040 1086 152.207227
1085 1086 300.246755
1041 1087 152.207227
1086 1087 572.067835
1042 1088 152.207227
1087 1088 123.074614
1043 1089 152.207227
1088 1089 151.777423
1044 1090 152.207227
1089 1090 302.581435
1045 1091 152.207227
1090 1091 80.942320
1046 1092 152.207227
1091 1092 91.552148
1047 1093 152.207227
1092 1093 220.066546
1048 1094 152.207227
1093 1094 85.508595
1049 1095 152.207227
1094 1095 368.850263
1050 1096 152.207227
1095 1096 80.942320
1051 1097 152.207227
1096 1097 91.552148
1052 1098 152.207227
1097 1098 189.235964
1053 1099 152.207227
1098 1099 49.057121
1054 1100 152.207227
1099 1100 639.144416
1055 1101 152.207227
1100 1101 158.718335
1056 1102 152.207227
1101 1102 49.057121
1057 1103 152.207227
1102 1103 639.144416
1058 1104 418.052721
1059 1105 418.052721
1104 1105 729.302203
1060 1106 418.052721
1105 1106 637.288647
1061 1107 418.052721
1106 1107 209.631225
1062 1108 418.052721
1107 1108 21.658894
1063 1109 418.052721
1108 1109 513.608163
1064 1110 418.052721
1109 1110 102.021590
1065 1111 418.052721
1110 1111 231.290119
1066 1112 418.052721
1111 1112 407.356357
1067 1113 418.052721
1112 1113 106.251806
1068 1114 418.052721
1113 1114 472.976431
1069 1115 418.052721
1114 1115 267.691635
1070 1116 418.052721
1115 1116 93.306308
1071 1117 418.052721
1116 1117 27.118652
1072 1118 418.052721
1117 1118 11.263762
1073 1119 418.052721
1118 1119 111.720829
1074 1120 1254.158164
1119 1120 712.993464
1075 1121 1254.158164
1120 1121 283.563438
1076 1122 1254.158164
1121 1122 820.859598
1077 1123 1254.158164
1122 1123 273.033390
1078 1124 1254.158164
1123 1124 81.355955
1079 1125 1254.158164
1124 1125 33.791285
1080 1126 418.052721
1125 1126 335.162486
1081 1127 418.052721
1126 1127 61.300220
1082 1128 418.052721
1127 1128 232.950622
1083 1129 418.052721
1128 1129 37.934792
1084 1130 418.052721
1129 1130 273.619866
1085 1131 418.052721
1130 1131 46.458060
1086 1132 418.052721
1131 1132 300.246755
1087 1133 418.052721
1132 1133 572.067835
1088 1134 418.052721
1133 1134 123.074614
1089 1135 418.052721
1134 1135 151.777423
1090 1136 418.052721
1135 1136 302.581435
1091 1137 418.052721
1136 1137 80.942320
1092 1138 418.052721
1137 1138 91.552148
1093 1139 418.052721
1138 1139 220.066546
1094 1140 418.052721
1139 1140 85.508595
1095 1141 418.052721
1140 1141 368.850263
1096 1142 418.052721
1141 1142 80.942320
1097 1143 418.052721
1142 1143 91.552148
1098 1144 418.052721
1143 1144 189.235964
1099 1145 418.052721
1144 1145 49.057121
1100 1146 418.052721
1145 1146 639.144416
1101 1147 418.052721
1146 1147 158.718335
1102 1148 418.052721
1147 1148 49.057121
1103 1149 418.052721
1148 1149 639.144416
1104 1150 93.739137
1105 1151 93.739137
1150 1151 729.302203
1106 1152 93.739137
1151 1152 637.288647
1107 1153 93.739137
1152 1153 209.631225
1108 1154 93.739137
1153 1154 21.658894
1109 1155 93.739137
1154 1155 513.608163
1110 1156 93.739137
1155 1156 102.021590
1111 1157 93.739137
1156 1157 231.290119
1112 1158 93.739137
1157 1158 407.356357
1113 1159 93.739137
1158 1159 106.251806
1114 1160 93.739137
1159 1160 472.976431
1115 1161 281.217411
1160 1161 803.074905
1116 1162 281.217411
1161 1162 279.918923
1117 1163 281.217411
1162 1163 81.355955
1118 1164 281.217411
1163 1164 33.791285
1119 1165 281.217411
1164 1165 335.162486
1120 1166 281.217411
1165 1166 712.993464
1121 1167 281.217411
1166 1167 283.563438
1122 1168 281.217411
1167 1168 820.859598
1123 1169 281.217411
1168 1169 273.033390
1124 1170 281.217411
1169 1170 81.355955
1125 1171 281.217411
1170 1171 33.791285
1126 1172 93.739137
1171 1172 335.162486
1127 1173 93.739137
1172 1173 61.300220
1128 1174 93.739137
1173 1174 232.950622
1129 1175 93.739137
1174 1175 37.934792
1130 1176 93.739137
1175 1176 273.619866
1131 1177 93.739137
1176 1177 46.458060
1132 1178 93.739137
1177 1178 300.246755
1133 1179 93.739137
1178 1179 572.067835
1134 1180 93.739137
1179 1180 123.074614
1135 1181 93.739137
1180 1181 151.777423
1136 1182 93.739137
1181 1182 302.581435
1137 1183 93.739137
1182 1183 80.942320
1138 1184 93.739137
1183 1184 91.552148
1139 1185 93.739137
1184 1185 220.066546
1140 1186 93.739137
1185 1186 85.508595
1141 1187 93.739137
1186 1187 368.850263
1142 1188 93.739137
1187 1188 80.942320
1143 1189 93.739137
1188 1189 91.552148
1144 1190 93.739137
1189 1190 189.235964
1145 1191 93.739137
1190 1191 49.057121
1146 1192 93.739137
1191 1192 639.144416
1147 1193 93.739137
1192 1193 158.718335
1148 1194 93.739137
1193 1194 49.057121
1149 1195 93.739137
1194 1195 639.144416
1150 1196 335.128014
1151 1197 335.128014
1196 1197 729.302203
1152 1198 335.128014
1197 1198 637.288647
1153 1199 335.128014
1198 1199 209.631225
1154 1200 335.128014
1199 1200 21.658894
1155 1201 335.128014
1200 1201 513.608163
1156 1202 335.128014
1201 1202 102.021590
1157 1203 335.128014
1202 1203 231.290119
1158 1204 335.128014
1203 1204 407.356357
1159 1205 335.128014
1204 1205 106.251806
1160 1206 335.128014
1205 1206 472.976431
1161 1207 1005.384042
1206 1207 803.074905
1162 1208 1005.384042
1207 1208 279.918923
1163 1209 1005.384042
1208 1209 81.355955
1164 1210 1005.384042
1209 1210 33.791285
1165 1211 1005.384042
1210 1211 335.162486
1166 1212 1005.384042
1211 1212 712.993464
1167 1213 1005.384042
1212 1213 283.563438
1168 1214 1005.384042
1213 1214 820.859598
1169 1215 1005.384042
1214 1215 91.011130
1170 1216 1005.384042
1215 1216 27.118652
1171 1217 1005.384042
1216 1217 11.263762
1172 1218 335.128014
1217 1218 111.720829
1173 1219 335.128014
1218 1219 61.300220
1174 1220 335.128014
1219 1220 232.950622
1175 1221 335.128014
1220 1221 37.934792
1176 1222 335.128014
1221 1222 273.619866
1177 1223 335.128014
1222 1223 46.458060
1178 1224 335.128014
1223 1224 300.246755
1179 1225 335.128014
1224 1225 572.067835
1180 1226 335.128014
1225 1226 123.074614
1181 1227 335.128014
1226 1227 151.777423
1182 1228 335.128014
1227 1228 302.581435
1183 1229 335.128014
1228 1229 80.942320
1184 1230 335.128014
1229 1230 91.552148
1185 1231 335.128014
1230 1231 220.066546
1186 1232 335.128014
1231 1232 85.508595
1187 1233 335.128014
1232 1233 368.850263
1188 1234 335.128014
1233 1234 80.942320
1189 1235 335.128014
1234 1235 91.552148
1190 1236 335.128014
1235 1236 189.235964
1191 1237 335.128014
1236 1237 49.057121
1192 1238 335.128014
1237 1238 639.144416
1193 1239 335.128014
1238 1239 158.718335
1194 1240 335.128014
1239 1240 49.057121
1195 1241 335.128014
1240 1241 639.144416
1196 1242 232.300528
1197 1243 232.300528
1242 1243 729.302203
1198 1244 232.300528
1243 1244 637.288647
1199 1245 232.300528
1244 1245 209.631225
1200 1246 232.300528
1245 1246 21.658894
1201 1247 232.300528
1246 1247 513.608163
1202 1248 232.300528
1247 1248 102.021590
1203 1249 232.300528
1248 1249 231.290119
1204 1250 232.300528
1249 1250 407.356357
1205 1251 232.300528
1250 1251 106.251806
1206 1252 232.300528
1251 1252 472.976431
1207 1253 696.901585
1252 1253 803.074905
1208 1254 696.901585
1253 1254 279.918923
1209 1255 696.901585
1254 1255 81.355955
1210 1256 696.901585
1255 1256 33.791285
1211 1257 696.901585
1256 1257 335.162486
1212 1258 696.901585
1257 1258 712.993464
1213 1259 696.901585
1258 1259 283.563438
1214 1260 232.300528
1259 1260 820.859598
1215 1261 232.300528
1260 1261 91.011130
1216 1262 232.300528
1261 1262 27.118652
1217 1263 232.300528
1262 1263 11.263762
1218 1264 232.300528
1263 1264 111.720829
1219 1265 232.300528
1264 1265 61.300220
1220 1266 232.300528
1265 1266 232.950622
1221 1267 232.300528
1266 1267 37.934792
1222 1268 232.300528
1267 1268 273.619866
1223 1269 232.300528
1268 1269 46.458060
1224 1270 232.300528
1269 1270 300.246755
1225 1271 232.300528
1270 1271 572.067835
1226 1272 232.300528
1271 1272 123.074614
1227 1273 232.300528
1272 1273 151.777423
1228 1274 232.300528
1273 1274 302.581435
1229 1275 232.300528
1274 1275 80.942320
1230 1276 232.300528
1275 1276 91.552148
1231 1277 232.300528
1276 1277 220.066546
1232 1278 232.300528
1277 1278 85.508595
1233 1279 232.300528
1278 1279 368.850263
1234 1280 232.300528
1279 1280 80.942320
1235 1281 232.300528
1280 1281 91.552148
1236 1282 232.300528
1281 1282 189.235964
1237 1283 232.300528
1282 1283 49.057121
1238 1284 232.300528
1283 1284 639.144416
1239 1285 232.300528
1284 1285 158.718335
1240 1286 232.300528
1285 1286 49.057121
1241 1287 232.300528
1286 1287 639.144416
1242 1288 185.752193
1243 1289 185.752193
1288 1289 729.302203
1244 1290 185.752193
1289 1290 637.288647
1245 1291 185.752193
1290 1291 209.631225
1246 1292 185.752193
1291 1292 21.658894
1247 1293 185.752193
1292 1293 513.608163
1248 1294 185.752193
1293 1294 102.021590
1249 1295 185.752193
1294 1295 231.290119
1250 1296 185.752193
1295 1296 407.356357
1251 1297 185.752193
1296 1297 106.251806
1252 1298 185.752193
1297 1298 472.976431
1253 1299 557.256579
1298 1299 267.691635
1254 1300 557.256579
1299 1300 93.306308
1255 1301 557.256579
1300 1301 27.118652
1256 1302 557.256579
1301 1302 11.263762
1257 1303 557.256579
1302 1303 111.720829
1258 1304 557.256579
1303 1304 237.664488
1259 1305 557.256579
1304 1305 94.521146
1260 1306 185.752193
1305 1306 273.619866
1261 1307 185.752193
1306 1307 91.011130
1262 1308 185.752193
1307 1308 27.118652
1263 1309 185.752193
1308 1309 11.263762
1264 1310 185.752193
1309 1310 111.720829
1265 1311 185.752193
1310 1311 61.300220
1266 1312 185.752193
1311 1312 232.950622
1267 1313 185.752193
1312 1313 37.934792
1268 1314 185.752193
1313 1314 273.619866
1269 1315 185.752193
1314 1315 46.458060
1270 1316 185.752193
1315 1316 300.246755
1271 1317 185.752193
1316 1317 572.067835
1272 1318 185.752193
1317 1318 123.074614
1277 1323 185.752193
1278 1324 185.752193
1323 1324 85.508595
1279 1325 185.752193
1324 1325 368.850263
1280 1326 185.752193
1325 1326 80.942320
1281 1327 185.752193
1326 1327 91.552148
1282 1328 185.752193
1327 1328 189.235964
1283 1329 185.752193
1328 1329 49.057121
1284 1330 185.752193
1329 1330 639.144416
1285 1331 185.752193
1330 1331 158.718335
1286 1332 185.752193
1331 1332 49.057121
1287 1333 185.752193
1332 1333 639.144416
1288 1334 111.048567
1289 1335 111.048567
1334 1335 729.302203
1290 1336 111.048567
1335 1336 637.288647
1291 1337 111.048567
1336 1337 209.631225
1292 1338 111.048567
1337 1338 21.658894
1293 1339 111.048567
1338 1339 513.608163
1294 1340 111.048567
1339 1340 102.021590
1295 1341 111.048567
1340 1341 231.290119
1296 1342 111.048567
1341 1342 407.356357
1297 1343 111.048567
1342 1343 106.251806
1298 1344 111.048567
1343 1344 472.976431
1299 1345 111.048567
1344 1345 267.691635
1300 1346 111.048567
1345 1346 93.306308
1301 1347 111.048567
1346 1347 27.118652
1302 1348 111.048567
1347 1348 11.263762
1303 1349 111.048567
1348 1349 111.720829
1304 1350 111.048567
1349 1350 237.664488
1305 1351 111.048567
1350 1351 94.521146
1306 1352 111.048567
1351 1352 273.619866
1307 1353 111.048567
1352 1353 91.011130
1308 1354 111.048567
1353 1354 27.118652
1309 1355 111.048567
1354 1355 11.263762
1310 1356 111.048567
1355 1356 111.720829
1311 1357 111.048567
1356 1357 61.300220
1312 1358 111.048567
1357 1358 232.950622
1313 1359 111.048567
1358 1359 37.934792
1314 1360 111.048567
1359 1360 273.619866
1315 1361 111.048567
1360 1361 46.458060
1316 1362 111.048567
1361 1362 300.246755
1317 1363 111.048567
1362 1363 572.067835
1318 1364 111.048567
1363 1364 123.074614
1323 1369 111.048567
1324 1370 111.048567
1369 1370 85.508595
1325 1371 111.048567
1370 1371 368.850263
1326 1372 111.048567
1371 1372 80.942320
1327 1373 111.048567
1372 1373 91.552148
1328 1374 111.048567
1373 1374 189.235964
1329 1375 111.048567
1374 1375 49.057121
1330 1376 111.048567
1375 1376 639.144416
1331 1377 111.048567
1376 1377 158.718335
1332 1378 111.048567
1377 1378 49.057121
1333 1379 111.048567
1378 1379 639.144416
1334 1380 550.119113
1335 1381 550.119113
1380 1381 729.302203
1336 1382 550.119113
1381 1382 637.288647
1337 1383 550.119113
1382 1383 209.631225
1338 1384 550.119113
1383 1384 21.658894
1339 1385 550.119113
1384 1385 513.608163
1340 1386 550.119113
1385 1386 102.021590
1341 1387 550.119113
1386 1387 231.290119
1342 1388 550.119113
1387 1388 407.356357
1343 1389 550.119113
1388 1389 106.251806
1344 1390 550.119113
1389 1390 472.976431
1345 1391 550.119113
1390 1391 267.691635
1346 1392 550.119113
1391 1392 93.306308
1347 1393 550.119113
1392 1393 27.118652
1348 1394 550.119113
1393 1394 11.263762
1349 1395 550.119113
1394 1395 111.720829
1350 1396 550.119113
1395 1396 237.664488
1351 1397 550.119113
1396 1397 94.521146
1352 1398 550.119113
1397 1398 273.619866
1353 1399 550.119113
1398 1399 91.011130
1354 1400 550.119113
1399 1400 27.118652
1355 1401 550.119113
1400 1401 11.263762
1356 1402 550.119113
1401 1402 111.720829
1357 1403 550.119113
1402 1403 61.300220
1358 1404 550.119113
1403 1404 232.950622
1359 1405 550.119113
1404 1405 37.934792
1360 1406 550.119113
1405 1406 273.619866
1361 1407 550.119113
1406 1407 46.458060
1362 1408 550.119113
1407 1408 300.246755
1363 1409 550.119113
1408 1409 572.067835
1364 1410 550.119113
1409 1410 123.074614
1410 1411 151.777423
1411 1412 302.581435
1412 1413 80.942320
1413 1414 91.552148
1369 1415 550.119113
1414 1415 220.066546
1370 1416 550.119113
1415 1416 85.508595
1371 1417 550.119113
1416 1417 368.850263
1372 1418 550.119113
1417 1418 80.942320
1373 1419 550.119113
1418 1419 91.552148
1374 1420 550.119113
1419 1420 189.235964
1375 1421 550.119113
1420 1421 49.057121
1376 1422 550.119113
1421 1422 639.144416
1377 1423 550.119113
1422 1423 158.718335
1378 1424 550.119113
1423 1424 49.057121
1379 1425 550.119113
1424 1425 639.144416
1380 1426 138.006942
1381 1427 138.006942
1426 1427 729.302203
1382 1428 138.006942
1427 1428 637.288647
1383 1429 138.006942
1428 1429 209.631225
1384 1430 138.006942
1429 1430 21.658894
1385 1431 138.006942
1430 1431 513.608163
1386 1432 138.006942
1431 1432 102.021590
1387 1433 138.006942
1432 1433 231.290119
1388 1434 138.006942
1433 1434 407.356357
1389 1435 138.006942
1434 1435 106.251806
1390 1436 138.006942
1435 1436 472.976431
1391 1437 138.006942
1436 1437 267.691635
1392 1438 138.006942
1437 1438 93.306308
1393 1439 138.006942
1438 1439 27.118652
1394 1440 138.006942
1439 1440 11.263762
1395 1441 138.006942
1440 1441 111.720829
1396 1442 138.006942
1441 1442 237.664488
1397 1443 138.006942
1442 1443 94.521146
1398 1444 138.006942
1443 1444 273.619866
1399 1445 138.006942
1444 1445 91.011130
1400 1446 138.006942
1445 1446 27.118652
1401 1447 138.006942
1446 1447 11.263762
1402 1448 138.006942
1447 1448 111.720829
1403 1449 138.006942
1448 1449 61.300220
1404 1450 138.006942
1449 1450 232.950622
1405 1451 138.006942
1450 1451 37.934792
1406 1452 138.006942
1451 1452 273.619866
1407 1453 138.006942
1452 1453 46.458060
1408 1454 138.006942
1453 1454 300.246755
1409 1455 138.006942
1454 1455 572.067835
1410 1456 138.006942
1455 1456 123.074614
1411 1457 138.006942
1456 1457 151.777423
1412 1458 138.006942
1457 1458 302.581435
1413 1459 138.006942
1458 1459 80.942320
1414 1460 138.006942
1459 1460 91.552148
1415 1461 138.006942
1460 1461 220.066546
1416 1462 138.006942
1461 1462 85.508595
1417 1463 138.006942
1462 1463 368.850263
1418 1464 138.006942
1463 1464 80.942320
1419 1465 138.006942
1464 1465 91.552148
1420 1466 138.006942
1465 1466 189.235964
1421 1467 138.006942
1466 1467 49.057121
1422 1468 138.006942
1467 1468 639.144416
1423 1469 138.006942
1468 1469 158.718335
1424 1470 138.006942
1469 1470 49.057121
1425 1471 138.006942
1470 1471 639.144416
1426 1472 83.183677
1427 1473 83.183677
1472 1473 729.302203
1428 1474 83.183677
1473 1474 637.288647
1429 1475 83.183677
1474 1475 209.631225
1430 1476 83.183677
1475 1476 21.658894
1431 1477 249.551032
1476 1477 1540.824488
1432 1478 249.551032
1477 1478 306.064771
1433 1479 83.183677
1478 1479 693.870358
1434 1480 83.183677
1479 1480 407.356357
1435 1481 83.183677
1480 1481 106.251806
1436 1482 83.183677
1481 1482 472.976431
1437 1483 83.183677
1482 1483 267.691635
1438 1484 83.183677
1483 1484 93.306308
1439 1485 83.183677
1484 1485 27.118652
1440 1486 83.183677
1485 1486 11.263762
1441 1487 83.183677
1486 1487 111.720829
1442 1488 83.183677
1487 1488 237.664488
1443 1489 83.183677
1488 1489 94.521146
1444 1490 83.183677
1489 1490 273.619866
1445 1491 83.183677
1490 1491 91.011130
1446 1492 83.183677
1491 1492 27.118652
1447 1493 83.183677
1492 1493 11.263762
1448 1494 83.183677
1493 1494 111.720829
1449 1495 83.183677
1494 1495 61.300220
1450 1496 83.183677
1495 1496 232.950622
1451 1497 83.183677
1496 1497 37.934792
1452 1498 83.183677
1497 1498 273.619866
1453 1499 83.183677
1498 1499 46.458060
1454 1500 83.183677
1499 1500 300.246755
1455 1501 83.183677
1500 1501 572.067835
1456 1502 83.183677
1501 1502 123.074614
1457 1503 83.183677
1502 1503 151.777423
1458 1504 83.183677
1503 1504 302.581435
1459 1505 83.183677
1504 1505 80.942320
1460 1506 83.183677
1505 1506 91.552148
1461 1507 83.183677
1506 1507 220.066546
1462 1508 83.183677
1507 1508 85.508595
1463 1509 83.183677
1508 1509 368.850263
1464 1510 83.183677
1509 1510 80.942320
1465 1511 83.183677
1510 1511 91.552148
1466 1512 83.183677
1511 1512 189.235964
1467 1513 83.183677
1512 1513 49.057121
1468 1514 83.183677
1513 1514 639.144416
1469 1515 83.183677
1514 1515 158.718335
1470 1516 83.183677
1515 1516 49.057121
1471 1517 83.183677
1516 1517 639.144416
1472 1518 303.257745
1473 1519 303.257745
1518 1519 729.302203
1474 1520 303.257745
1519 1520 637.288647
1475 1521 303.257745
1520 1521 209.631225
1476 1522 303.257745
1521 1522 21.658894
1477 1523 909.773234
1522 1523 1540.824488
1478 1524 909.773234
1523 1524 306.064771
1479 1525 303.257745
1524 1525 693.870358
1480 1526 303.257745
1525 1526 407.356357
1481 1527 909.773234
1526 1527 318.755417
1482 1528 909.773234
1527 1528 1418.929294
1483 1529 303.257745
1528 1529 803.074905
1484 1530 303.257745
1529 1530 93.306308
1485 1531 303.257745
1530 1531 27.118652
1486 1532 303.257745
1531 1532 11.263762
1487 1533 303.257745
1532 1533 111.720829
1488 1534 303.257745
1533 1534 237.664488
1489 1535 303.257745
1534 1535 94.521146
1490 1536 303.257745
1535 1536 273.619866
1491 1537 303.257745
1536 1537 91.011130
1492 1538 303.257745
1537 1538 27.118652
1493 1539 303.257745
1538 1539 11.263762
1494 1540 303.257745
1539 1540 111.720829
1495 1541 303.257745
1540 1541 61.300220
1496 1542 303.257745
1541 1542 232.950622
1497 1543 303.257745
1542 1543 37.934792
1498 1544 303.257745
1543 1544 273.619866
1499 1545 303.257745
1544 1545 46.458060
1500 1546 303.257745
1545 1546 300.246755
1501 1547 303.257745
1546 1547 572.067835
1502 1548 303.257745
1547 1548 123.074614
1503 1549 303.257745
1548 1549 151.777423
1504 1550 303.257745
1549 1550 302.581435
1505 1551 303.257745
1550 1551 80.942320
1506 1552 303.257745
1551 1552 91.552148
1507 1553 303.257745
1552 1553 220.066546
1508 1554 303.257745
1553 1554 85.508595
1509 1555 303.257745
1554 1555 368.850263
1510 1556 303.257745
1555 1556 80.942320
1511 1557 303.257745
1556 1557 91.552148
1512 1558 303.257745
1557 1558 189.235964
1513 1559 303.257745
1558 1559 49.057121
1514 1560 303.257745
1559 1560 639.144416
1515 1561 303.257745
1560 1561 158.718335
1516 1562 303.257745
1561 1562 49.057121
1517 1563 303.257745
1562 1563 639.144416
1518 1564 421.972131
1519 1565 421.972131
1564 1565 729.302203
1521 1567 421.972131
1522 1568 421.972131
1567 1568 21.658894
1523 1569 1265.916392
1568 1569 1540.824488
1524 1570 1265.916392
1569 1570 306.064771
1525 1571 421.972131
1570 1571 693.870358
1526 1572 421.972131
1571 1572 407.356357
1527 1573 1265.916392
1572 1573 318.755417
1528 1574 1265.916392
1573 1574 1418.929294
1529 1575 421.972131
1574 1575 803.074905
1530 1576 421.972131
1575 1576 93.306308
1531 1577 421.972131
1576 1577 27.118652
1532 1578 421.972131
1577 1578 11.263762
1533 1579 421.972131
1578 1579 111.720829
1534 1580 421.972131
1579 1580 237.664488
1535 1581 421.972131
1580 1581 94.521146
1536 1582 421.972131
1581 1582 273.619866
1537 1583 421.972131
1582 1583 91.011130
1538 1584 421.972131
1583 1584 27.118652
1539 1585 421.972131
1584 1585 11.263762
1540 1586 421.972131
1585 1586 111.720829
1541 1587 421.972131
1586 1587 61.300220
1542 1588 421.972131
1587 1588 232.950622
1543 1589 421.972131
1588 1589 37.934792
1544 1590 421.972131
1589 1590 273.619866
1545 1591 421.972131
1590 1591 46.458060
1546 1592 421.972131
1591 1592 300.246755
1547 1593 421.972131
1592 1593 572.067835
1548 1594 421.972131
1593 1594 123.074614
1549 1595 421.972131
1594 1595 151.777423
1550 1596 421.972131
1595 1596 302.581435
1551 1597 421.972131
1596 1597 80.942320
1552 1598 421.972131
1597 1598 91.552148
1553 1599 421.972131
1598 1599 220.066546
1554 1600 421.972131
1599 1600 85.508595
1555 1601 421.972131
1600 1601 368.850263
1556 1602 421.972131
1601 1602 80.942320
1557 1603 421.972131
1602 1603 91.552148
1558 1604 421.972131
1603 1604 189.235964
1559 1605 421.972131
1604 1605 49.057121
1560 1606 421.972131
1605 1606 639.144416
1561 1607 421.972131
1606 1607 158.718335
1562 1608 421.972131
1607 1608 49.057121
1563 1609 421.972131
1608 1609 639.144416
1564 1610 38.506320
1565 1611 38.506320
1610 1611 729.302203
1567 1613 38.506320
1568 1614 38.506320
1613 1614 21.658894
1569 1615 115.518959
1614 1615 513.608163
1570 1616 115.518959
1615 1616 102.021590
1571 1617 38.506320
1616 1617 231.290119
1572 1618 38.506320
1617 1618 407.356357
1573 1619 115.518959
1618 1619 318.755417
1574 1620 115.518959
1619 1620 1418.929294
1575 1621 38.506320
1620 1621 803.074905
1576 1622 38.506320
1621 1622 93.306308
1577 1623 38.506320
1622 1623 27.118652
1578 1624 38.506320
1623 1624 11.263762
1579 1625 38.506320
1624 1625 111.720829
1580 1626 38.506320
1625 1626 237.664488
1581 1627 38.506320
1626 1627 94.521146
1582 1628 38.506320
1627 1628 273.619866
1583 1629 38.506320
1628 1629 91.011130
1584 1630 38.506320
1629 1630 27.118652
1585 1631 38.506320
1630 1631 11.263762
1586 1632 38.506320
1631 1632 111.720829
1587 1633 38.506320
1632 1633 61.300220
1588 1634 38.506320
1633 1634 232.950622
1589 1635 38.506320
1634 1635 37.934792
1590 1636 38.506320
1635 1636 273.619866
1591 1637 38.506320
1636 1637 46.458060
1592 1638 38.506320
1637 1638 300.246755
1593 1639 38.506320
1638 1639 572.067835
1594 1640 38.506320
1639 1640 123.074614
1595 1641 38.506320
1640 1641 151.777423
1596 1642 38.506320
1641 1642 302.581435
1597 1643 38.506320
1642 1643 80.942320
1598 1644 38.506320
1643 1644 91.552148
1603 1649 38.506320
1604 1650 38.506320
1649 1650 189.235964
1605 1651 38.506320
1650 1651 49.057121
1606 1652 38.506320
1651 1652 639.144416
1607 1653 38.506320
1652 1653 158.718335
1608 1654 38.506320
1653 1654 49.057121
1609 1655 38.506320
1654 1655 639.144416
1610 1656 83.183677
1611 1657 83.183677
1656 1657 729.302203
1613 1659 83.183677
1614 1660 83.183677
1659 1660 21.658894
1615 1661 83.183677
1660 1661 513.608163
1616 1662 83.183677
1661 1662 102.021590
1617 1663 83.183677
1662 1663 231.290119
1618 1664 83.183677
1663 1664 407.356357
1619 1665 249.551032
1664 1665 106.251806
1620 1666 249.551032
1665 1666 472.976431
1621 1667 83.183677
1666 1667 267.691635
1622 1668 83.183677
1667 1668 93.306308
1623 1669 83.183677
1668 1669 27.118652
1624 1670 83.183677
1669 1670 11.263762
1625 1671 83.183677
1670 1671 111.720829
1626 1672 83.183677
1671 1672 237.664488
1627 1673 83.183677
1672 1673 94.521146
1628 1674 83.183677
1673 1674 273.619866
1629 1675 83.183677
1674 1675 91.011130
1630 1676 83.183677
1675 1676 27.118652
1631 1677 83.183677
1676 1677 11.263762
1632 1678 83.183677
1677 1678 111.720829
1633 1679 83.183677
1678 1679 61.300220
1634 1680 83.183677
1679 1680 232.950622
1635 1681 83.183677
1680 1681 37.934792
1636 1682 83.183677
1681 1682 273.619866
1637 1683 83.183677
1682 1683 46.458060
1638 1684 83.183677
1683 1684 300.246755
1639 1685 83.183677
1684 1685 572.067835
1640 1686 83.183677
1685 1686 123.074614
1641 1687 83.183677
1686 1687 151.777423
1642 1688 83.183677
1687 1688 302.581435
1643 1689 83.183677
1688 1689 80.942320
1644 1690 83.183677
1689 1690 91.552148
1649 1695 83.183677
1650 1696 83.183677
1695 1696 189.235964
1651 1697 83.183677
1696 1697 49.057121
1652 1698 83.183677
1697 1698 639.144416
1653 1699 83.183677
1698 1699 158.718335
1654 1700 83.183677
1699 1700 49.057121
1655 1701 83.183677
1700 1701 639.144416
1656 1702 303.257745
1657 1703 303.257745
1702 1703 729.302203
1703 1704 637.288647
1659 1705 303.257745
1704 1705 209.631225
1660 1706 303.257745
1705 1706 21.658894
1661 1707 303.257745
1706 1707 513.608163
1662 1708 303.257745
1707 1708 102.021590
1663 1709 303.257745
1708 1709 231.290119
1664 1710 303.257745
1709 1710 407.356357
1665 1711 303.257745
1710 1711 106.251806
1666 1712 303.257745
1711 1712 472.976431
1667 1713 303.257745
1712 1713 267.691635
1668 1714 303.257745
1713 1714 93.306308
1669 1715 303.257745
1714 1715 27.118652
1670 1716 303.257745
1715 1716 11.263762
1671 1717 303.257745
1716 1717 111.720829
1672 1718 303.257745
1717 1718 237.664488
1673 1719 303.257745
1718 1719 94.521146
1674 1720 303.257745
1719 1720 273.619866
1675 1721 303.257745
1720 1721 91.011130
1676 1722 303.257745
1721 1722 27.118652
1677 1723 303.257745
1722 1723 11.263762
1678 1724 303.257745
1723 1724 111.720829
1679 1725 303.257745
1724 1725 61.300220
1680 1726 303.257745
1725 1726 232.950622
1681 1727 303.257745
1726 1727 37.934792
1682 1728 303.257745
1727 1728 273.619866
1683 1729 303.257745
1728 1729 46.458060
1684 1730 303.257745
1729 1730 300.246755
1685 1731 303.257745
1730 1731 572.067835
1686 1732 303.257745
1731 1732 123.074614
1687 1733 303.257745
1732 1733 151.777423
1688 1734 303.257745
1733 1734 302.581435
1689 1735 303.257745
1734 1735 80.942320
1690 1736 303.257745
1735 1736 91.552148
1695 1741 303.257745
1696 1742 303.257745
1741 1742 189.235964
1697 1743 303.257745
1742 1743 49.057121
1698 1744 303.257745
1743 1744 639.144416
1699 1745 303.257745
1744 1745 158.718335
1700 1746 303.257745
1745 1746 49.057121
1701 1747 303.257745
1746 1747 639.144416
1702 1748 421.972131
1703 1749 421.972131
1748 1749 729.302203
1704 1750 421.972131
1749 1750 637.288647
1705 1751 421.972131
1750 1751 209.631225
1706 1752 421.972131
1751 1752 21.658894
1707 1753 421.972131
1752 1753 513.608163
1708 1754 421.972131
1753 1754 102.021590
1709 1755 421.972131
1754 1755 231.290119
1710 1756 421.972131
1755 1756 407.356357
1711 1757 421.972131
1756 1757 106.251806
1712 1758 421.972131
1757 1758 472.976431
1713 1759 421.972131
1758 1759 267.691635
1714 1760 421.972131
1759 1760 93.306308
1715 1761 421.972131
1760 1761 27.118652
1716 1762 421.972131
1761 1762 11.263762
1717 1763 421.972131
1762 1763 111.720829
1718 1764 421.972131
1763 1764 237.664488
1719 1765 421.972131
1764 1765 94.521146
1720 1766 421.972131
1765 1766 273.619866
1721 1767 421.972131
1766 1767 91.011130
1722 1768 421.972131
1767 1768 27.118652
1723 1769 421.972131
1768 1769 11.263762
1724 1770 421.972131
1769 1770 111.720829
1725 1771 421.972131
1770 1771 61.300220
1726 1772 421.972131
1771 1772 232.950622
1727 1773 421.972131
1772 1773 37.934792
1728 1774 421.972131
1773 1774 273.619866
1729 1775 421.972131
1774 1775 46.458060
1730 1776 421.972131
1775 1776 300.246755
1731 1777 421.972131
1776 1777 572.067835
1732 1778 421.972131
1777 1778 123.074614
1733 1779 421.972131
1778 1779 151.777423
1734 1780 421.972131
1779 1780 302.581435
1735 1781 421.972131
1780 1781 80.942320
1736 1782 421.972131
1781 1782 91.552148
1782 1783 220.066546
1783 1784 85.508595
1784 1785 368.850263
1785 1786 80.942320
1741 1787 421.972131
1786 1787 91.552148
1742 1788 421.972131
1787 1788 189.235964
1743 1789 421.972131
1788 1789 49.057121
1744 1790 421.972131
1789 1790 639.144416
1745 1791 421.972131
1790 1791 158.718335
1746 1792 421.972131
1791 1792 49.057121
1747 1793 421.972131
1792 1793 639.144416
1748 1794 31.686733
1749 1795 31.686733
1794 1795 729.302203
1750 1796 31.686733
1795 1796 637.288647
1751 1797 31.686733
1796 1797 209.631225
1752 1798 31.686733
1797 1798 21.658894
1753 1799 31.686733
1798 1799 513.608163
1754 1800 31.686733
1799 1800 102.021590
1755 1801 31.686733
1800 1801 231.290119
1756 1802 31.686733
1801 1802 407.356357
1757 1803 31.686733
1802 1803 106.251806
1758 1804 31.686733
1803 1804 472.976431
1759 1805 31.686733
1804 1805 267.691635
1760 1806 31.686733
1805 1806 93.306308
1761 1807 31.686733
1806 1807 27.118652
1762 1808 31.686733
1807 1808 11.263762
1763 1809 31.686733
1808 1809 111.720829
1764 1810 31.686733
1809 1810 237.664488
1765 1811 31.686733
1810 1811 94.521146
1766 1812 31.686733
1811 1812 273.619866
1767 1813 31.686733
1812 1813 91.011130
1768 1814 31.686733
1813 1814 27.118652
1769 1815 31.686733
1814 1815 11.263762
1770 1816 31.686733
1815 1816 111.720829
1771 1817 31.686733
1816 1817 61.300220
1772 1818 31.686733
1817 1818 232.950622
1773 1819 31.686733
1818 1819 37.934792
1774 1820 31.686733
1819 1820 273.619866
1775 1821 31.686733
1820 1821 46.458060
1776 1822 31.686733
1821 1822 300.246755
1777 1823 31.686733
1822 1823 572.067835
1778 1824 31.686733
1823 1824 123.074614
1779 1825 31.686733
1824 1825 151.777423
1780 1826 31.686733
1825 1826 302.581435
1781 1827 31.686733
1826 1827 80.942320
1782 1828 31.686733
1827 1828 91.552148
1783 1829 31.686733
1828 1829 220.066546
1784 1830 31.686733
1829 1830 85.508595
1785 1831 31.686733
1830 1831 368.850263
1786 1832 31.686733
1831 1832 80.942320
1787 1833 31.686733
1832 1833 91.552148
1788 1834 31.686733
1833 1834 189.235964
1789 1835 31.686733
1834 1835 49.057121
1790 1836 31.686733
1835 1836 639.144416
1791 1837 31.686733
1836 1837 158.718335
1792 1838 31.686733
1837 1838 49.057121
1793 1839 31.686733
1838 1839 639.144416
1794 1840 119.931350
1795 1841 119.931350
1840 1841 729.302203
1796 1842 119.931350
1841 1842 637.288647
1797 1843 119.931350
1842 1843 209.631225
1798 1844 119.931350
1843 1844 21.658894
1799 1845 119.931350
1844 1845 513.608163
1800 1846 119.931350
1845 1846 102.021590
1801 1847 119.931350
1846 1847 231.290119
1802 1848 119.931350
1847 1848 407.356357
1803 1849 119.931350
1848 1849 106.251806
1804 1850 119.931350
1849 1850 472.976431
1805 1851 119.931350
1850 1851 267.691635
1806 1852 119.931350
1851 1852 93.306308
1807 1853 119.931350
1852 1853 27.118652
1814 1860 119.931350
1815 1861 119.931350
1860 1861 11.263762
1816 1862 119.931350
1861 1862 111.720829
1817 1863 119.931350
1862 1863 61.300220
1818 1864 119.931350
1863 1864 232.950622
1819 1865 119.931350
1864 1865 37.934792
1820 1866 119.931350
1865 1866 273.619866
1821 1867 119.931350
1866 1867 46.458060
1822 1868 119.931350
1867 1868 300.246755
1823 1869 119.931350
1868 1869 572.067835
1824 1870 119.931350
1869 1870 123.074614
1825 1871 119.931350
1870 1871 151.777423
1826 1872 119.931350
1871 1872 302.581435
1827 1873 119.931350
1872 1873 80.942320
1828 1874 119.931350
1873 1874 91.552148
1829 1875 119.931350
1874 1875 220.066546
1830 1876 119.931350
1875 1876 85.508595
1831 1877 119.931350
1876 1877 368.850263
1832 1878 119.931350
1877 1878 80.942320
1833 1879 119.931350
1878 1879 91.552148
1834 1880 119.931350
1879 1880 189.235964
1835 1881 119.931350
1880 1881 49.057121
1836 1882 119.931350
1881 1882 639.144416
1837 1883 119.931350
1882 1883 158.718335
1838 1884 119.931350
1883 1884 49.057121
1839 1885 119.931350
1884 1885 639.144416
1840 1886 202.096314
1841 1887 202.096314
1886 1887 729.302203
1842 1888 202.096314
1887 1888 637.288647
1843 1889 202.096314
1888 1889 209.631225
1844 1890 202.096314
1889 1890 21.658894
1845 1891 202.096314
1890 1891 513.608163
1846 1892 202.096314
1891 1892 102.021590
1847 1893 202.096314
1892 1893 231.290119
1848 1894 202.096314
1893 1894 407.356357
1849 1895 202.096314
1894 1895 106.251806
1850 1896 202.096314
1895 1896 472.976431
1851 1897 202.096314
1896 1897 267.691635
1852 1898 202.096314
1897 1898 93.306308
1853 1899 202.096314
1898 1899 27.118652
1860 1906 202.096314
1861 1907 202.096314
1906 1907 11.263762
1862 1908 202.096314
1907 1908 111.720829
1863 1909 202.096314
1908 1909 61.300220
1864 1910 202.096314
1909 1910 232.950622
1865 1911 202.096314
1910 1911 37.934792
1866 1912 202.096314
1911 1912 273.619866
1867 1913 202.096314
1912 1913 46.458060
1868 1914 202.096314
1913 1914 300.246755
1871 1917 202.096314
1872 1918 202.096314
1917 1918 302.581435
1873 1919 202.096314
1918 1919 80.942320
1874 1920 202.096314
1919 1920 91.552148
1875 1921 202.096314
1920 1921 220.066546
1876 1922 202.096314
1921 1922 85.508595
1877 1923 202.096314
1922 1923 368.850263
1878 1924 202.096314
1923 1924 80.942320
1879 1925 202.096314
1924 1925 91.552148
1880 1926 202.096314
1925 1926 189.235964
1881 1927 202.096314
1926 1927 49.057121
1882 1928 202.096314
1927 1928 639.144416
1883 1929 202.096314
1928 1929 158.718335
1884 1930 202.096314
1929 1930 49.057121
1885 1931 202.096314
1930 1931 639.144416
1886 1932 432.562531
1887 1933 432.562531
1932 1933 729.302203
1888 1934 432.562531
1933 1934 637.288647
1889 1935 432.562531
1934 1935 209.631225
1890 1936 432.562531
1935 1936 21.658894
1891 1937 432.562531
1936 1937 513.608163
1892 1938 432.562531
1937 1938 102.021590
1893 1939 432.562531
1938 1939 231.290119
1894 1940 432.562531
1939 1940 407.356357
1895 1941 432.562531
1940 1941 106.251806
1896 1942 432.562531
1941 1942 472.976431
1897 1943 432.562531
1942 1943 267.691635
1898 1944 432.562531
1943 1944 93.306308
1899 1945 1297.687592
1944 1945 81.355955
1906 1952 432.562531
1907 1953 432.562531
1952 1953 11.263762
1908 1954 432.562531
1953 1954 111.720829
1909 1955 432.562531
1954 1955 61.300220
1910 1956 432.562531
1955 1956 232.950622
1911 1957 432.562531
1956 1957 37.934792
1912 1958 432.562531
1957 1958 273.619866
1913 1959 432.562531
1958 1959 46.458060
1914 1960 432.562531
1959 1960 300.246755
1917 1963 432.562531
1918 1964 432.562531
1963 1964 302.581435
1919 1965 432.562531
1964 1965 80.942320
1920 1966 432.562531
1965 1966 91.552148
1921 1967 432.562531
1966 1967 220.066546
1922 1968 432.562531
1967 1968 85.508595
1923 1969 432.562531
1968 1969 368.850263
1924 1970 432.562531
1969 1970 80.942320
1925 1971 432.562531
1970 1971 91.552148
1926 1972 432.562531
1971 1972 189.235964
1927 1973 432.562531
1972 1973 49.057121
1928 1974 432.562531
1973 1974 639.144416
1929 1975 432.562531
1974 1975 158.718335
1930 1976 432.562531
1975 1976 49.057121
1931 1977 432.562531
1976 1977 639.144416
1932 1978 92.329678
1933 1979 92.329678
1978 1979 729.302203
1934 1980 92.329678
1979 1980 637.288647
1935 1981 92.329678
1980 1981 209.631225
1936 1982 92.329678
1981 1982 21.658894
1937 1983 92.329678
1982 1983 513.608163
1938 1984 92.329678
1983 1984 102.021590
1939 1985 92.329678
1984 1985 231.290119
1940 1986 92.329678
1985 1986 407.356357
1941 1987 92.329678
1986 1987 106.251806
1942 1988 92.329678
1987 1988 472.976431
1943 1989 92.329678
1988 1989 267.691635
1944 1990 92.329678
1989 1990 93.306308
1945 1991 276.989034
1990 1991 81.355955
1991 1992 33.791285
1992 1993 335.162486
1993 1994 712.993464
1994 1995 283.563438
1995 1996 820.859598
1996 1997 273.033390
1952 1998 92.329678
1997 1998 27.118652
1953 1999 92.329678
1998 1999 11.263762
1954 2000 92.329678
1999 2000 111.720829
1955 2001 92.329678
2000 2001 61.300220
1956 2002 92.329678
2001 2002 232.950622
1957 2003 92.329678
2002 2003 37.934792
1958 2004 92.329678
2003 2004 273.619866
1959 2005 92.329678
2004 2005 46.458060
1960 2006 92.329678
2005 2006 300.246755
1963 2009 92.329678
1964 2010 92.329678
2009 2010 302.581435
1965 2011 92.329678
2010 2011 80.942320
1966 2012 92.329678
2011 2012 91.552148
1967 2013 92.329678
2012 2013 220.066546
1968 2014 92.329678
2013 2014 85.508595
1969 2015 92.329678
2014 2015 368.850263
1970 2016 92.329678
2015 2016 80.942320
1971 2017 92.329678
2016 2017 91.552148
1972 2018 92.329678
2017 2018 189.235964
1973 2019 92.329678
2018 2019 49.057121
1974 2020 92.329678
2019 2020 639.144416
1975 2021 92.329678
2020 2021 158.718335
1976 2022 92.329678
2021 2022 49.057121
1977 2023 92.329678
2022 2023 639.144416
1978 2024 119.931350
1979 2025 119.931350
2024 2025 729.302203
1980 2026 119.931350
2025 2026 637.288647
1981 2027 119.931350
2026 2027 209.631225
1982 2028 119.931350
2027 2028 21.658894
1983 2029 119.931350
2028 2029 513.608163
1984 2030 119.931350
2029 2030 102.021590
1985 2031 119.931350
2030 2031 231.290119
1986 2032 119.931350
2031 2032 407.356357
1987 2033 119.931350
2032 2033 106.251806
1988 2034 119.931350
2033 2034 472.976431
1989 2035 119.931350
2034 2035 267.691635
1990 2036 119.931350
2035 2036 93.306308
1991 2037 359.794050
2036 2037 81.355955
1992 2038 359.794050
2037 2038 33.791285
1993 2039 359.794050
2038 2039 335.162486
1994 2040 359.794050
2039 2040 712.993464
1995 2041 359.794050
2040 2041 283.563438
1996 2042 359.794050
2041 2042 820.859598
1997 2043 119.931350
2042 2043 273.033390
1998 2044 119.931350
2043 2044 27.118652
1999 2045 119.931350
2044 2045 11.263762
2000 2046 119.931350
2045 2046 111.720829
2001 2047 119.931350
2046 2047 61.300220
2002 2048 119.931350
2047 2048 232.950622
2003 2049 119.931350
2048 2049 37.934792
2004 2050 119.931350
2049 2050 273.619866
2005 2051 119.931350
2050 2051 46.458060
2006 2052 119.931350
2051 2052 300.246755
2052 2053 572.067835
2053 2054 123.074614
2009 2055 119.931350
2054 2055 151.777423
2010 2056 119.931350
2055 2056 302.581435
2011 2057 119.931350
2056 2057 80.942320
2012 2058 119.931350
2057 2058 91.552148
2013 2059 119.931350
2058 2059 220.066546
2014 2060 119.931350
2059 2060 85.508595
2015 2061 119.931350
2060 2061 368.850263
2016 2062 119.931350
2061 2062 80.942320
2017 2063 119.931350
2062 2063 91.552148
2018 2064 119.931350
2063 2064 189.235964
2019 2065 119.931350
2064 2065 49.057121
2020 2066 119.931350
2065 2066 639.144416
2021 2067 119.931350
2066 2067 158.718335
2022 2068 119.931350
2067 2068 49.057121
2023 2069 119.931350
2068 2069 639.144416
2024 2070 202.096314
2025 2071 202.096314
2070 2071 729.302203
2026 2072 202.096314
2071 2072 637.288647
2027 2073 202.096314
2072 2073 209.631225
2028 2074 202.096314
2073 2074 21.658894
2029 2075 202.096314
2074 2075 513.608163
2030 2076 202.096314
2075 2076 102.021590
2031 2077 202.096314
2076 2077 231.290119
2032 2078 202.096314
2077 2078 407.356357
2033 2079 202.096314
2078 2079 106.251806
2034 2080 202.096314
2079 2080 472.976431
2035 2081 202.096314
2080 2081 267.691635
2036 2082 202.096314
2081 2082 93.306308
2037 2083 606.288941
2082 2083 27.118652
2038 2084 606.288941
2083 2084 11.263762
2039 2085 606.288941
2084 2085 111.720829
2040 2086 606.288941
2085 2086 237.664488
2041 2087 606.288941
2086 2087 94.521146
2042 2088 606.288941
2087 2088 273.619866
2043 2089 202.096314
2088 2089 91.011130
2044 2090 202.096314
2089 2090 27.118652
2045 2091 202.096314
2090 2091 11.263762
2046 2092 202.096314
2091 2092 111.720829
2047 2093 202.096314
2092 2093 61.300220
2048 2094 202.096314
2093 2094 232.950622
2049 2095 202.096314
2094 2095 37.934792
2050 2096 202.096314
2095 2096 273.619866
2051 2097 202.096314
2096 2097 46.458060
2052 2098 202.096314
2097 2098 300.246755
2053 2099 202.096314
2098 2099 572.067835
2054 2100 202.096314
2099 2100 123.074614
2055 2101 202.096314
2100 2101 151.777423
2056 2102 202.096314
2101 2102 302.581435
2057 2103 202.096314
2102 2103 80.942320
2058 2104 202.096314
2103 2104 91.552148
2059 2105 202.096314
2104 2105 220.066546
2060 2106 202.096314
2105 2106 85.508595
2061 2107 202.096314
2106 2107 368.850263
2062 2108 202.096314
2107 2108 80.942320
2063 2109 202.096314
2108 2109 91.552148
2064 2110 202.096314
2109 2110 189.235964
2065 2111 202.096314
2110 2111 49.057121
2066 2112 202.096314
2111 2112 639.144416
2067 2113 202.096314
2112 2113 158.718335
2068 2114 202.096314
2113 2114 49.057121
2069 2115 202.096314
2114 2115 639.144416
