1.068903 165.763709 0.000000
1.068903 895.065911 0.000000
1.068903 1532.354558 0.000000
1.068903 1741.985784 0.000000
1.068903 1763.644678 0.000000
1.068903 2277.252840 0.000000
1.068903 2379.274431 0.000000
1.068903 2610.564550 0.000000
1.068903 3017.920907 0.000000
1.068903 3124.172713 0.000000
1.068903 3597.149144 0.000000
1.068903 3864.840779 0.000000
1.068903 3958.147087 0.000000
1.068903 3985.265739 0.000000
1.068903 3996.529501 0.000000
1.068903 4108.250330 0.000000
1.068903 4345.914817 0.000000
1.068903 4440.435964 0.000000
1.068903 4714.055830 0.000000
1.068903 4805.066960 0.000000
1.068903 4832.185611 0.000000
1.068903 4843.449373 0.000000
1.068903 4955.170202 0.000000
1.068903 5016.470422 0.000000
1.068903 5249.421044 0.000000
1.068903 5287.355836 0.000000
1.068903 5560.975702 0.000000
1.068903 5607.433761 0.000000
1.068903 5907.680516 0.000000
1.068903 6479.748351 0.000000
1.068903 6602.822966 0.000000
1.068903 6754.600389 0.000000
1.068903 7057.181824 0.000000
1.068903 7138.124144 0.000000
1.068903 7229.676292 0.000000
1.068903 7449.742838 0.000000
1.068903 7535.251433 0.000000
1.068903 7904.101696 0.000000
1.068903 7985.044016 0.000000
1.068903 8076.596164 0.000000
1.068903 8265.832128 0.000000
1.068903 8314.889249 0.000000
1.068903 8954.033665 0.000000
1.068903 9112.752000 0.000000
1.068903 9161.809122 0.000000
1.068903 9800.953537 0.000000
720.535294 165.763709 0.000000
720.535294 895.065911 0.000000
720.535294 1532.354558 0.000000
720.535294 1741.985784 0.000000
720.535294 1763.644678 0.000000
720.535294 2277.252840 0.000000
720.535294 2379.274431 0.000000
720.535294 2610.564550 0.000000
720.535294 3017.920907 0.000000
720.535294 3124.172713 0.000000
720.535294 3597.149144 0.000000
720.535294 3864.840779 0.000000
720.535294 3958.147087 0.000000
720.535294 3985.265739 0.000000
720.535294 3996.529501 0.000000
720.535294 4108.250330 0.000000
720.535294 4345.914817 0.000000
720.535294 4440.435964 0.000000
720.535294 4714.055830 0.000000
720.535294 4805.066960 0.000000
720.535294 4832.185611 0.000000
720.535294 4843.449373 0.000000
720.535294 4955.170202 0.000000
720.535294 5016.470422 0.000000
720.535294 5249.421044 0.000000
720.535294 5287.355836 0.000000
720.535294 5560.975702 0.000000
720.535294 5607.433761 0.000000
720.535294 5907.680516 0.000000
720.535294 6479.748351 0.000000
720.535294 6602.822966 0.000000
720.535294 6754.600389 0.000000
720.535294 7057.181824 0.000000
720.535294 7138.124144 0.000000
720.535294 7229.676292 0.000000
720.535294 7449.742838 0.000000
720.535294 7535.251433 0.000000
720.535294 7904.101696 0.000000
720.535294 7985.044016 0.000000
720.535294 8076.596164 0.000000
720.535294 8265.832128 0.000000
720.535294 8314.889249 0.000000
720.535294 8954.033665 0.000000
720.535294 9112.752000 0.000000
720.535294 9161.809122 0.000000
720.535294 9800.953537 0.000000
820.572173 165.763709 0.000000
820.572173 895.065911 0.000000
820.572173 1532.354558 0.000000
820.572173 1741.985784 0.000000
820.572173 1763.644678 0.000000
820.572173 2277.252840 0.000000
820.572173 2379.274431 0.000000
820.572173 2610.564550 0.000000
820.572173 3017.920907 0.000000
820.572173 3124.172713 0.000000
820.572173 3597.149144 0.000000
820.572173 3864.840779 0.000000
820.572173 3958.147087 0.000000
820.572173 3985.265739 0.000000
820.572173 3996.529501 0.000000
820.572173 4108.250330 0.000000
820.572173 4345.914817 0.000000
820.572173 4440.435964 0.000000
820.572173 4714.055830 0.000000
820.572173 4805.066960 0.000000
820.572173 4832.185611 0.000000
820.572173 4843.449373 0.000000
820.572173 4955.170202 0.000000
820.572173 5016.470422 0.000000
820.572173 5249.421044 0.000000
820.572173 5287.355836 0.000000
820.572173 5560.975702 0.000000
820.572173 5607.433761 0.000000
820.572173 5907.680516 0.000000
820.572173 6479.748351 0.000000
820.572173 6602.822966 0.000000
820.572173 6754.600389 0.000000
820.572173 7057.181824 0.000000
820.572173 7138.124144 0.000000
820.572173 7229.676292 0.000000
820.572173 7449.742838 0.000000
820.572173 7535.251433 0.000000
820.572173 7904.101696 0.000000
820.572173 7985.044016 0.000000
820.572173 8076.596164 0.000000
820.572173 8265.832128 0.000000
820.572173 8314.889249 0.000000
820.572173 8954.033665 0.000000
820.572173 9112.752000 0.000000
820.572173 9161.809122 0.000000
820.572173 9800.953537 0.000000
1321.810575 165.763709 0.000000
1321.810575 895.065911 0.000000
1321.810575 1532.354558 0.000000
1321.810575 1741.985784 0.000000
1321.810575 1763.644678 0.000000
1321.810575 2277.252840 0.000000
1321.810575 2379.274431 0.000000
1321.810575 2610.564550 0.000000
1321.810575 3017.920907 0.000000
1321.810575 3124.172713 0.000000
1321.810575 3597.149144 0.000000
1321.810575 3864.840779 0.000000
1321.810575 3958.147087 0.000000
1321.810575 3985.265739 0.000000
1321.810575 3996.529501 0.000000
1321.810575 4108.250330 0.000000
1321.810575 4345.914817 0.000000
1321.810575 4440.435964 0.000000
1321.810575 4714.055830 0.000000
1321.810575 4805.066960 0.000000
1321.810575 4832.185611 0.000000
1321.810575 4843.449373 0.000000
1321.810575 4955.170202 0.000000
1321.810575 5016.470422 0.000000
1321.810575 5249.421044 0.000000
1321.810575 5287.355836 0.000000
1321.810575 5560.975702 0.000000
1321.810575 5607.433761 0.000000
1321.810575 5907.680516 0.000000
1321.810575 6479.748351 0.000000
1321.810575 6602.822966 0.000000
1321.810575 6754.600389 0.000000
1321.810575 7057.181824 0.000000
1321.810575 7138.124144 0.000000
1321.810575 7229.676292 0.000000
1321.810575 7449.742838 0.000000
1321.810575 7535.251433 0.000000
1321.810575 7904.101696 0.000000
1321.810575 7985.044016 0.000000
1321.810575 8076.596164 0.000000
1321.810575 8265.832128 0.000000
1321.810575 8314.889249 0.000000
1321.810575 8954.033665 0.000000
1321.810575 9112.752000 0.000000
1321.810575 9161.809122 0.000000
1321.810575 9800.953537 0.000000
1395.446678 165.763709 0.000000
1395.446678 895.065911 0.000000
1395.446678 1532.354558 0.000000
1395.446678 1741.985784 0.000000
1395.446678 1763.644678 0.000000
1395.446678 2277.252840 0.000000
1395.446678 2379.274431 0.000000
1395.446678 2610.564550 0.000000
1395.446678 3017.920907 0.000000
1395.446678 3124.172713 0.000000
1395.446678 3597.149144 0.000000
1395.446678 3864.840779 0.000000
1395.446678 3958.147087 0.000000
1395.446678 3985.265739 0.000000
1395.446678 3996.529501 0.000000
1395.446678 4108.250330 0.000000
1395.446678 4345.914817 0.000000
1395.446678 4440.435964 0.000000
1395.446678 4714.055830 0.000000
1395.446678 4805.066960 0.000000
1395.446678 4832.185611 0.000000
1395.446678 4843.449373 0.000000
1395.446678 4955.170202 0.000000
1395.446678 5016.470422 0.000000
1395.446678 5249.421044 0.000000
1395.446678 5287.355836 0.000000
1395.446678 5560.975702 0.000000
1395.446678 5607.433761 0.000000
1395.446678 5907.680516 0.000000
1395.446678 6479.748351 0.000000
1395.446678 6602.822966 0.000000
1395.446678 6754.600389 0.000000
1395.446678 7057.181824 0.000000
1395.446678 7138.124144 0.000000
1395.446678 7229.676292 0.000000
1395.446678 7449.742838 0.000000
1395.446678 7535.251433 0.000000
1395.446678 7904.101696 0.000000
1395.446678 7985.044016 0.000000
1395.446678 8076.596164 0.000000
1395.446678 8265.832128 0.000000
1395.446678 8314.889249 0.000000
1395.446678 8954.033665 0.000000
1395.446678 9112.752000 0.000000
1395.446678 9161.809122 0.000000
1395.446678 9800.953537 0.000000
1453.469343 165.763709 0.000000
1453.469343 895.065911 0.000000
1453.469343 1532.354558 0.000000
1453.469343 1741.985784 0.000000
1453.469343 1763.644678 0.000000
1453.469343 2277.252840 0.000000
1453.469343 2379.274431 0.000000
1453.469343 2610.564550 0.000000
1453.469343 3017.920907 0.000000
1453.469343 3124.172713 0.000000
1453.469343 3597.149144 0.000000
1453.469343 3864.840779 0.000000
1453.469343 3958.147087 0.000000
1453.469343 3985.265739 0.000000
1453.469343 3996.529501 0.000000
1453.469343 4108.250330 0.000000
1453.469343 4345.914817 0.000000
1453.469343 4440.435964 0.000000
1453.469343 4714.055830 0.000000
1453.469343 4805.066960 0.000000
1453.469343 4832.185611 0.000000
1453.469343 4843.449373 0.000000
1453.469343 4955.170202 0.000000
1453.469343 5016.470422 0.000000
1453.469343 5249.421044 0.000000
1453.469343 5287.355836 0.000000
1453.469343 5560.975702 0.000000
1453.469343 5607.433761 0.000000
1453.469343 5907.680516 0.000000
1453.469343 6479.748351 0.000000
1453.469343 6602.822966 0.000000
1453.469343 6754.600389 0.000000
1453.469343 7057.181824 0.000000
1453.469343 7138.124144 0.000000
1453.469343 7229.676292 0.000000
1453.469343 7449.742838 0.000000
1453.469343 7535.251433 0.000000
1453.469343 7904.101696 0.000000
1453.469343 7985.044016 0.000000
1453.469343 8076.596164 0.000000
1453.469343 8265.832128 0.000000
1453.469343 8314.889249 0.000000
1453.469343 8954.033665 0.000000
1453.469343 9112.752000 0.000000
1453.469343 9161.809122 0.000000
1453.469343 9800.953537 0.000000
1667.492045 165.763709 0.000000
1667.492045 895.065911 0.000000
1667.492045 1532.354558 0.000000
1667.492045 1741.985784 0.000000
1667.492045 1763.644678 0.000000
1667.492045 2277.252840 0.000000
1667.492045 2379.274431 0.000000
1667.492045 2610.564550 0.000000
1667.492045 3017.920907 0.000000
1667.492045 3124.172713 0.000000
1667.492045 3597.149144 0.000000
1667.492045 3864.840779 0.000000
1667.492045 3958.147087 0.000000
1667.492045 3985.265739 0.000000
1667.492045 3996.529501 0.000000
1667.492045 4108.250330 0.000000
1667.492045 4345.914817 0.000000
1667.492045 4440.435964 0.000000
1667.492045 4714.055830 0.000000
1667.492045 4805.066960 0.000000
1667.492045 4832.185611 0.000000
1667.492045 4843.449373 0.000000
1667.492045 4955.170202 0.000000
1667.492045 5016.470422 0.000000
1667.492045 5249.421044 0.000000
1667.492045 5287.355836 0.000000
1667.492045 5560.975702 0.000000
1667.492045 5607.433761 0.000000
1667.492045 5907.680516 0.000000
1667.492045 6479.748351 0.000000
1667.492045 6602.822966 0.000000
1667.492045 6754.600389 0.000000
1667.492045 7057.181824 0.000000
1667.492045 7138.124144 0.000000
1667.492045 7229.676292 0.000000
1667.492045 7449.742838 0.000000
1667.492045 7535.251433 0.000000
1667.492045 7904.101696 0.000000
1667.492045 7985.044016 0.000000
1667.492045 8076.596164 0.000000
1667.492045 8265.832128 0.000000
1667.492045 8314.889249 0.000000
1667.492045 8954.033665 0.000000
1667.492045 9112.752000 0.000000
1667.492045 9161.809122 0.000000
1667.492045 9800.953537 0.000000
1741.830171 165.763709 0.000000
1741.830171 895.065911 0.000000
1741.830171 1532.354558 0.000000
1741.830171 1741.985784 0.000000
1741.830171 1763.644678 0.000000
1741.830171 2277.252840 0.000000
1741.830171 2379.274431 0.000000
1741.830171 2610.564550 0.000000
1741.830171 3017.920907 0.000000
1741.830171 3124.172713 0.000000
1741.830171 3597.149144 0.000000
1741.830171 3864.840779 0.000000
1741.830171 3958.147087 0.000000
1741.830171 3985.265739 0.000000
1741.830171 3996.529501 0.000000
1741.830171 4108.250330 0.000000
1741.830171 4345.914817 0.000000
1741.830171 4440.435964 0.000000
1741.830171 4714.055830 0.000000
1741.830171 4805.066960 0.000000
1741.830171 4832.185611 0.000000
1741.830171 4843.449373 0.000000
1741.830171 4955.170202 0.000000
1741.830171 5016.470422 0.000000
1741.830171 5249.421044 0.000000
1741.830171 5287.355836 0.000000
1741.830171 5560.975702 0.000000
1741.830171 5607.433761 0.000000
1741.830171 5907.680516 0.000000
1741.830171 6479.748351 0.000000
1741.830171 6602.822966 0.000000
1741.830171 6754.600389 0.000000
1741.830171 7057.181824 0.000000
1741.830171 7138.124144 0.000000
1741.830171 7229.676292 0.000000
1741.830171 7449.742838 0.000000
1741.830171 7535.251433 0.000000
1741.830171 7904.101696 0.000000
1741.830171 7985.044016 0.000000
1741.830171 8076.596164 0.000000
1741.830171 8265.832128 0.000000
1741.830171 8314.889249 0.000000
1741.830171 8954.033665 0.000000
1741.830171 9112.752000 0.000000
1741.830171 9161.809122 0.000000
1741.830171 9800.953537 0.000000
1912.199654 165.763709 0.000000
1912.199654 895.065911 0.000000
1912.199654 1532.354558 0.000000
1912.199654 1741.985784 0.000000
1912.199654 1763.644678 0.000000
1912.199654 2277.252840 0.000000
1912.199654 2379.274431 0.000000
1912.199654 2610.564550 0.000000
1912.199654 3017.920907 0.000000
1912.199654 3124.172713 0.000000
1912.199654 3597.149144 0.000000
1912.199654 3864.840779 0.000000
1912.199654 3958.147087 0.000000
1912.199654 3985.265739 0.000000
1912.199654 3996.529501 0.000000
1912.199654 4108.250330 0.000000
1912.199654 4345.914817 0.000000
1912.199654 4440.435964 0.000000
1912.199654 4714.055830 0.000000
1912.199654 4805.066960 0.000000
1912.199654 4832.185611 0.000000
1912.199654 4843.449373 0.000000
1912.199654 4955.170202 0.000000
1912.199654 5016.470422 0.000000
1912.199654 5249.421044 0.000000
1912.199654 5287.355836 0.000000
1912.199654 5560.975702 0.000000
1912.199654 5607.433761 0.000000
1912.199654 5907.680516 0.000000
1912.199654 6479.748351 0.000000
1912.199654 6602.822966 0.000000
1912.199654 6754.600389 0.000000
1912.199654 7057.181824 0.000000
1912.199654 7138.124144 0.000000
1912.199654 7229.676292 0.000000
1912.199654 7449.742838 0.000000
1912.199654 7535.251433 0.000000
1912.199654 7904.101696 0.000000
1912.199654 7985.044016 0.000000
1912.199654 8076.596164 0.000000
1912.199654 8265.832128 0.000000
1912.199654 8314.889249 0.000000
1912.199654 8954.033665 0.000000
1912.199654 9112.752000 0.000000
1912.199654 9161.809122 0.000000
1912.199654 9800.953537 0.000000
2168.730447 165.763709 0.000000
2168.730447 895.065911 0.000000
2168.730447 1532.354558 0.000000
2168.730447 1741.985784 0.000000
2168.730447 1763.644678 0.000000
2168.730447 2277.252840 0.000000
2168.730447 2379.274431 0.000000
2168.730447 2610.564550 0.000000
2168.730447 3017.920907 0.000000
2168.730447 3124.172713 0.000000
2168.730447 3597.149144 0.000000
2168.730447 3864.840779 0.000000
2168.730447 3958.147087 0.000000
2168.730447 3985.265739 0.000000
2168.730447 3996.529501 0.000000
2168.730447 4108.250330 0.000000
2168.730447 4345.914817 0.000000
2168.730447 4440.435964 0.000000
2168.730447 4714.055830 0.000000
2168.730447 4805.066960 0.000000
2168.730447 4832.185611 0.000000
2168.730447 4843.449373 0.000000
2168.730447 4955.170202 0.000000
2168.730447 5016.470422 0.000000
2168.730447 5249.421044 0.000000
2168.730447 5287.355836 0.000000
2168.730447 5560.975702 0.000000
2168.730447 5607.433761 0.000000
2168.730447 5907.680516 0.000000
2168.730447 6479.748351 0.000000
2168.730447 6602.822966 0.000000
2168.730447 6754.600389 0.000000
2168.730447 7057.181824 0.000000
2168.730447 7138.124144 0.000000
2168.730447 7229.676292 0.000000
2168.730447 7449.742838 0.000000
2168.730447 7535.251433 0.000000
2168.730447 7904.101696 0.000000
2168.730447 7985.044016 0.000000
2168.730447 8076.596164 0.000000
2168.730447 8265.832128 0.000000
2168.730447 8314.889249 0.000000
2168.730447 8954.033665 0.000000
2168.730447 9112.752000 0.000000
2168.730447 9161.809122 0.000000
2168.730447 9800.953537 0.000000
2226.845464 165.763709 0.000000
2226.845464 895.065911 0.000000
2226.845464 1532.354558 0.000000
2226.845464 1741.985784 0.000000
2226.845464 1763.644678 0.000000
2226.845464 2277.252840 0.000000
2226.845464 2379.274431 0.000000
2226.845464 2610.564550 0.000000
2226.845464 3017.920907 0.000000
2226.845464 3124.172713 0.000000
2226.845464 3597.149144 0.000000
2226.845464 3864.840779 0.000000
2226.845464 3958.147087 0.000000
2226.845464 3985.265739 0.000000
2226.845464 3996.529501 0.000000
2226.845464 4108.250330 0.000000
2226.845464 4345.914817 0.000000
2226.845464 4440.435964 0.000000
2226.845464 4714.055830 0.000000
2226.845464 4805.066960 0.000000
2226.845464 4832.185611 0.000000
2226.845464 4843.449373 0.000000
2226.845464 4955.170202 0.000000
2226.845464 5016.470422 0.000000
2226.845464 5249.421044 0.000000
2226.845464 5287.355836 0.000000
2226.845464 5560.975702 0.000000
2226.845464 5607.433761 0.000000
2226.845464 5907.680516 0.000000
2226.845464 6479.748351 0.000000
2226.845464 6602.822966 0.000000
2226.845464 6754.600389 0.000000
2226.845464 7057.181824 0.000000
2226.845464 7138.124144 0.000000
2226.845464 7229.676292 0.000000
2226.845464 7449.742838 0.000000
2226.845464 7535.251433 0.000000
2226.845464 7904.101696 0.000000
2226.845464 7985.044016 0.000000
2226.845464 8076.596164 0.000000
2226.845464 8265.832128 0.000000
2226.845464 8314.889249 0.000000
2226.845464 8954.033665 0.000000
2226.845464 9112.752000 0.000000
2226.845464 9161.809122 0.000000
2226.845464 9800.953537 0.000000
2242.366550 165.763709 0.000000
2242.366550 895.065911 0.000000
2242.366550 1532.354558 0.000000
2242.366550 1741.985784 0.000000
2242.366550 1763.644678 0.000000
2242.366550 2277.252840 0.000000
2242.366550 2379.274431 0.000000
2242.366550 2610.564550 0.000000
2242.366550 3017.920907 0.000000
2242.366550 3124.172713 0.000000
2242.366550 3597.149144 0.000000
2242.366550 3864.840779 0.000000
2242.366550 3958.147087 0.000000
2242.366550 3985.265739 0.000000
2242.366550 3996.529501 0.000000
2242.366550 4108.250330 0.000000
2242.366550 4345.914817 0.000000
2242.366550 4440.435964 0.000000
2242.366550 4714.055830 0.000000
2242.366550 4805.066960 0.000000
2242.366550 4832.185611 0.000000
2242.366550 4843.449373 0.000000
2242.366550 4955.170202 0.000000
2242.366550 5016.470422 0.000000
2242.366550 5249.421044 0.000000
2242.366550 5287.355836 0.000000
2242.366550 5560.975702 0.000000
2242.366550 5607.433761 0.000000
2242.366550 5907.680516 0.000000
2242.366550 6479.748351 0.000000
2242.366550 6602.822966 0.000000
2242.366550 6754.600389 0.000000
2242.366550 7057.181824 0.000000
2242.366550 7138.124144 0.000000
2242.366550 7229.676292 0.000000
2242.366550 7449.742838 0.000000
2242.366550 7535.251433 0.000000
2242.366550 7904.101696 0.000000
2242.366550 7985.044016 0.000000
2242.366550 8076.596164 0.000000
2242.366550 8265.832128 0.000000
2242.366550 8314.889249 0.000000
2242.366550 8954.033665 0.000000
2242.366550 9112.752000 0.000000
2242.366550 9161.809122 0.000000
2242.366550 9800.953537 0.000000
2300.389215 165.763709 0.000000
2300.389215 895.065911 0.000000
2300.389215 1532.354558 0.000000
2300.389215 1741.985784 0.000000
2300.389215 1763.644678 0.000000
2300.389215 2277.252840 0.000000
2300.389215 2379.274431 0.000000
2300.389215 2610.564550 0.000000
2300.389215 3017.920907 0.000000
2300.389215 3124.172713 0.000000
2300.389215 3597.149144 0.000000
2300.389215 3864.840779 0.000000
2300.389215 3958.147087 0.000000
2300.389215 3985.265739 0.000000
2300.389215 3996.529501 0.000000
2300.389215 4108.250330 0.000000
2300.389215 4345.914817 0.000000
2300.389215 4440.435964 0.000000
2300.389215 4714.055830 0.000000
2300.389215 4805.066960 0.000000
2300.389215 4832.185611 0.000000
2300.389215 4843.449373 0.000000
2300.389215 4955.170202 0.000000
2300.389215 5016.470422 0.000000
2300.389215 5249.421044 0.000000
2300.389215 5287.355836 0.000000
2300.389215 5560.975702 0.000000
2300.389215 5607.433761 0.000000
2300.389215 5907.680516 0.000000
2300.389215 6479.748351 0.000000
2300.389215 6602.822966 0.000000
2300.389215 6754.600389 0.000000
2300.389215 7057.181824 0.000000
2300.389215 7138.124144 0.000000
2300.389215 7229.676292 0.000000
2300.389215 7449.742838 0.000000
2300.389215 7535.251433 0.000000
2300.389215 7904.101696 0.000000
2300.389215 7985.044016 0.000000
2300.389215 8076.596164 0.000000
2300.389215 8265.832128 0.000000
2300.389215 8314.889249 0.000000
2300.389215 8954.033665 0.000000
2300.389215 9112.752000 0.000000
2300.389215 9161.809122 0.000000
2300.389215 9800.953537 0.000000
2548.628484 165.763709 0.000000
2548.628484 895.065911 0.000000
2548.628484 1532.354558 0.000000
2548.628484 1741.985784 0.000000
2548.628484 1763.644678 0.000000
2548.628484 2277.252840 0.000000
2548.628484 2379.274431 0.000000
2548.628484 2610.564550 0.000000
2548.628484 3017.920907 0.000000
2548.628484 3124.172713 0.000000
2548.628484 3597.149144 0.000000
2548.628484 3864.840779 0.000000
2548.628484 3958.147087 0.000000
2548.628484 3985.265739 0.000000
2548.628484 3996.529501 0.000000
2548.628484 4108.250330 0.000000
2548.628484 4345.914817 0.000000
2548.628484 4440.435964 0.000000
2548.628484 4714.055830 0.000000
2548.628484 4805.066960 0.000000
2548.628484 4832.185611 0.000000
2548.628484 4843.449373 0.000000
2548.628484 4955.170202 0.000000
2548.628484 5016.470422 0.000000
2548.628484 5249.421044 0.000000
2548.628484 5287.355836 0.000000
2548.628484 5560.975702 0.000000
2548.628484 5607.433761 0.000000
2548.628484 5907.680516 0.000000
2548.628484 6479.748351 0.000000
2548.628484 6602.822966 0.000000
2548.628484 6754.600389 0.000000
2548.628484 7057.181824 0.000000
2548.628484 7138.124144 0.000000
2548.628484 7229.676292 0.000000
2548.628484 7449.742838 0.000000
2548.628484 7535.251433 0.000000
2548.628484 7904.101696 0.000000
2548.628484 7985.044016 0.000000
2548.628484 8076.596164 0.000000
2548.628484 8265.832128 0.000000
2548.628484 8314.889249 0.000000
2548.628484 8954.033665 0.000000
2548.628484 9112.752000 0.000000
2548.628484 9161.809122 0.000000
2548.628484 9800.953537 0.000000
2588.750043 165.763709 0.000000
2588.750043 895.065911 0.000000
2588.750043 1532.354558 0.000000
2588.750043 1741.985784 0.000000
2588.750043 1763.644678 0.000000
2588.750043 2277.252840 0.000000
2588.750043 2379.274431 0.000000
2588.750043 2610.564550 0.000000
2588.750043 3017.920907 0.000000
2588.750043 3124.172713 0.000000
2588.750043 3597.149144 0.000000
2588.750043 3864.840779 0.000000
2588.750043 3958.147087 0.000000
2588.750043 3985.265739 0.000000
2588.750043 3996.529501 0.000000
2588.750043 4108.250330 0.000000
2588.750043 4345.914817 0.000000
2588.750043 4440.435964 0.000000
2588.750043 4714.055830 0.000000
2588.750043 4805.066960 0.000000
2588.750043 4832.185611 0.000000
2588.750043 4843.449373 0.000000
2588.750043 4955.170202 0.000000
2588.750043 5016.470422 0.000000
2588.750043 5249.421044 0.000000
2588.750043 5287.355836 0.000000
2588.750043 5560.975702 0.000000
2588.750043 5607.433761 0.000000
2588.750043 5907.680516 0.000000
2588.750043 6479.748351 0.000000
2588.750043 6602.822966 0.000000
2588.750043 6754.600389 0.000000
2588.750043 7057.181824 0.000000
2588.750043 7138.124144 0.000000
2588.750043 7229.676292 0.000000
2588.750043 7449.742838 0.000000
2588.750043 7535.251433 0.000000
2588.750043 7904.101696 0.000000
2588.750043 7985.044016 0.000000
2588.750043 8076.596164 0.000000
2588.750043 8265.832128 0.000000
2588.750043 8314.889249 0.000000
2588.750043 8954.033665 0.000000
2588.750043 9112.752000 0.000000
2588.750043 9161.809122 0.000000
2588.750043 9800.953537 0.000000
2759.119526 165.763709 0.000000
2759.119526 895.065911 0.000000
2759.119526 1532.354558 0.000000
2759.119526 1741.985784 0.000000
2759.119526 1763.644678 0.000000
2759.119526 2277.252840 0.000000
2759.119526 2379.274431 0.000000
2759.119526 2610.564550 0.000000
2759.119526 3017.920907 0.000000
2759.119526 3124.172713 0.000000
2759.119526 3597.149144 0.000000
2759.119526 3864.840779 0.000000
2759.119526 3958.147087 0.000000
2759.119526 3985.265739 0.000000
2759.119526 3996.529501 0.000000
2759.119526 4108.250330 0.000000
2759.119526 4345.914817 0.000000
2759.119526 4440.435964 0.000000
2759.119526 4714.055830 0.000000
2759.119526 4805.066960 0.000000
2759.119526 4832.185611 0.000000
2759.119526 4843.449373 0.000000
2759.119526 4955.170202 0.000000
2759.119526 5016.470422 0.000000
2759.119526 5249.421044 0.000000
2759.119526 5287.355836 0.000000
2759.119526 5560.975702 0.000000
2759.119526 5607.433761 0.000000
2759.119526 5907.680516 0.000000
2759.119526 6479.748351 0.000000
2759.119526 6602.822966 0.000000
2759.119526 6754.600389 0.000000
2759.119526 7057.181824 0.000000
2759.119526 7138.124144 0.000000
2759.119526 7229.676292 0.000000
2759.119526 7449.742838 0.000000
2759.119526 7535.251433 0.000000
2759.119526 7904.101696 0.000000
2759.119526 7985.044016 0.000000
2759.119526 8076.596164 0.000000
2759.119526 8265.832128 0.000000
2759.119526 8314.889249 0.000000
2759.119526 8954.033665 0.000000
2759.119526 9112.752000 0.000000
2759.119526 9161.809122 0.000000
2759.119526 9800.953537 0.000000
2773.718862 165.763709 0.000000
2773.718862 895.065911 0.000000
2773.718862 1532.354558 0.000000
2773.718862 1741.985784 0.000000
2773.718862 1763.644678 0.000000
2773.718862 2277.252840 0.000000
2773.718862 2379.274431 0.000000
2773.718862 2610.564550 0.000000
2773.718862 3017.920907 0.000000
2773.718862 3124.172713 0.000000
2773.718862 3597.149144 0.000000
2773.718862 3864.840779 0.000000
2773.718862 3958.147087 0.000000
2773.718862 3985.265739 0.000000
2773.718862 3996.529501 0.000000
2773.718862 4108.250330 0.000000
2773.718862 4345.914817 0.000000
2773.718862 4440.435964 0.000000
2773.718862 4714.055830 0.000000
2773.718862 4805.066960 0.000000
2773.718862 4832.185611 0.000000
2773.718862 4843.449373 0.000000
2773.718862 4955.170202 0.000000
2773.718862 5016.470422 0.000000
2773.718862 5249.421044 0.000000
2773.718862 5287.355836 0.000000
2773.718862 5560.975702 0.000000
2773.718862 5607.433761 0.000000
2773.718862 5907.680516 0.000000
2773.718862 6479.748351 0.000000
2773.718862 6602.822966 0.000000
2773.718862 6754.600389 0.000000
2773.718862 7057.181824 0.000000
2773.718862 7138.124144 0.000000
2773.718862 7229.676292 0.000000
2773.718862 7449.742838 0.000000
2773.718862 7535.251433 0.000000
2773.718862 7904.101696 0.000000
2773.718862 7985.044016 0.000000
2773.718862 8076.596164 0.000000
2773.718862 8265.832128 0.000000
2773.718862 8314.889249 0.000000
2773.718862 8954.033665 0.000000
2773.718862 9112.752000 0.000000
2773.718862 9161.809122 0.000000
2773.718862 9800.953537 0.000000
2965.382959 165.763709 0.000000
2965.382959 895.065911 0.000000
2965.382959 1532.354558 0.000000
2965.382959 1741.985784 0.000000
2965.382959 1763.644678 0.000000
2965.382959 2277.252840 0.000000
2965.382959 2379.274431 0.000000
2965.382959 2610.564550 0.000000
2965.382959 3017.920907 0.000000
2965.382959 3124.172713 0.000000
2965.382959 3597.149144 0.000000
2965.382959 3864.840779 0.000000
2965.382959 3958.147087 0.000000
2965.382959 3985.265739 0.000000
2965.382959 3996.529501 0.000000
2965.382959 4108.250330 0.000000
2965.382959 4345.914817 0.000000
2965.382959 4440.435964 0.000000
2965.382959 4714.055830 0.000000
2965.382959 4805.066960 0.000000
2965.382959 4832.185611 0.000000
2965.382959 4843.449373 0.000000
2965.382959 4955.170202 0.000000
2965.382959 5016.470422 0.000000
2965.382959 5249.421044 0.000000
2965.382959 5287.355836 0.000000
2965.382959 5560.975702 0.000000
2965.382959 5607.433761 0.000000
2965.382959 5907.680516 0.000000
2965.382959 6479.748351 0.000000
2965.382959 6602.822966 0.000000
2965.382959 6754.600389 0.000000
2965.382959 7057.181824 0.000000
2965.382959 7138.124144 0.000000
2965.382959 7229.676292 0.000000
2965.382959 7449.742838 0.000000
2965.382959 7535.251433 0.000000
2965.382959 7904.101696 0.000000
2965.382959 7985.044016 0.000000
2965.382959 8076.596164 0.000000
2965.382959 8265.832128 0.000000
2965.382959 8314.889249 0.000000
2965.382959 8954.033665 0.000000
2965.382959 9112.752000 0.000000
2965.382959 9161.809122 0.000000
2965.382959 9800.953537 0.000000
3073.765336 165.763709 0.000000
3073.765336 895.065911 0.000000
3073.765336 1532.354558 0.000000
3073.765336 1741.985784 0.000000
3073.765336 1763.644678 0.000000
3073.765336 2277.252840 0.000000
3073.765336 2379.274431 0.000000
3073.765336 2610.564550 0.000000
3073.765336 3017.920907 0.000000
3073.765336 3124.172713 0.000000
3073.765336 3597.149144 0.000000
3073.765336 3864.840779 0.000000
3073.765336 3958.147087 0.000000
3073.765336 3985.265739 0.000000
3073.765336 3996.529501 0.000000
3073.765336 4108.250330 0.000000
3073.765336 4345.914817 0.000000
3073.765336 4440.435964 0.000000
3073.765336 4714.055830 0.000000
3073.765336 4805.066960 0.000000
3073.765336 4832.185611 0.000000
3073.765336 4843.449373 0.000000
3073.765336 4955.170202 0.000000
3073.765336 5016.470422 0.000000
3073.765336 5249.421044 0.000000
3073.765336 5287.355836 0.000000
3073.765336 5560.975702 0.000000
3073.765336 5607.433761 0.000000
3073.765336 5907.680516 0.000000
3073.765336 6479.748351 0.000000
3073.765336 6602.822966 0.000000
3073.765336 6754.600389 0.000000
3073.765336 7057.181824 0.000000
3073.765336 7138.124144 0.000000
3073.765336 7229.676292 0.000000
3073.765336 7449.742838 0.000000
3073.765336 7535.251433 0.000000
3073.765336 7904.101696 0.000000
3073.765336 7985.044016 0.000000
3073.765336 8076.596164 0.000000
3073.765336 8265.832128 0.000000
3073.765336 8314.889249 0.000000
3073.765336 8954.033665 0.000000
3073.765336 9112.752000 0.000000
3073.765336 9161.809122 0.000000
3073.765336 9800.953537 0.000000
3395.548356 165.763709 0.000000
3395.548356 895.065911 0.000000
3395.548356 1532.354558 0.000000
3395.548356 1741.985784 0.000000
3395.548356 1763.644678 0.000000
3395.548356 2277.252840 0.000000
3395.548356 2379.274431 0.000000
3395.548356 2610.564550 0.000000
3395.548356 3017.920907 0.000000
3395.548356 3124.172713 0.000000
3395.548356 3597.149144 0.000000
3395.548356 3864.840779 0.000000
3395.548356 3958.147087 0.000000
3395.548356 3985.265739 0.000000
3395.548356 3996.529501 0.000000
3395.548356 4108.250330 0.000000
3395.548356 4345.914817 0.000000
3395.548356 4440.435964 0.000000
3395.548356 4714.055830 0.000000
3395.548356 4805.066960 0.000000
3395.548356 4832.185611 0.000000
3395.548356 4843.449373 0.000000
3395.548356 4955.170202 0.000000
3395.548356 5016.470422 0.000000
3395.548356 5249.421044 0.000000
3395.548356 5287.355836 0.000000
3395.548356 5560.975702 0.000000
3395.548356 5607.433761 0.000000
3395.548356 5907.680516 0.000000
3395.548356 6479.748351 0.000000
3395.548356 6602.822966 0.000000
3395.548356 6754.600389 0.000000
3395.548356 7057.181824 0.000000
3395.548356 7138.124144 0.000000
3395.548356 7229.676292 0.000000
3395.548356 7449.742838 0.000000
3395.548356 7535.251433 0.000000
3395.548356 7904.101696 0.000000
3395.548356 7985.044016 0.000000
3395.548356 8076.596164 0.000000
3395.548356 8265.832128 0.000000
3395.548356 8314.889249 0.000000
3395.548356 8954.033665 0.000000
3395.548356 9112.752000 0.000000
3395.548356 9161.809122 0.000000
3395.548356 9800.953537 0.000000
3620.638735 165.763709 0.000000
3620.638735 895.065911 0.000000
3620.638735 1532.354558 0.000000
3620.638735 1741.985784 0.000000
3620.638735 1763.644678 0.000000
3620.638735 2277.252840 0.000000
3620.638735 2379.274431 0.000000
3620.638735 2610.564550 0.000000
3620.638735 3017.920907 0.000000
3620.638735 3124.172713 0.000000
3620.638735 3597.149144 0.000000
3620.638735 3864.840779 0.000000
3620.638735 3958.147087 0.000000
3620.638735 3985.265739 0.000000
3620.638735 3996.529501 0.000000
3620.638735 4108.250330 0.000000
3620.638735 4345.914817 0.000000
3620.638735 4440.435964 0.000000
3620.638735 4714.055830 0.000000
3620.638735 4805.066960 0.000000
3620.638735 4832.185611 0.000000
3620.638735 4843.449373 0.000000
3620.638735 4955.170202 0.000000
3620.638735 5016.470422 0.000000
3620.638735 5249.421044 0.000000
3620.638735 5287.355836 0.000000
3620.638735 5560.975702 0.000000
3620.638735 5607.433761 0.000000
3620.638735 5907.680516 0.000000
3620.638735 6479.748351 0.000000
3620.638735 6602.822966 0.000000
3620.638735 6754.600389 0.000000
3620.638735 7057.181824 0.000000
3620.638735 7138.124144 0.000000
3620.638735 7229.676292 0.000000
3620.638735 7449.742838 0.000000
3620.638735 7535.251433 0.000000
3620.638735 7904.101696 0.000000
3620.638735 7985.044016 0.000000
3620.638735 8076.596164 0.000000
3620.638735 8265.832128 0.000000
3620.638735 8314.889249 0.000000
3620.638735 8954.033665 0.000000
3620.638735 9112.752000 0.000000
3620.638735 9161.809122 0.000000
3620.638735 9800.953537 0.000000
3664.055878 165.763709 0.000000
3664.055878 895.065911 0.000000
3664.055878 1532.354558 0.000000
3664.055878 1741.985784 0.000000
3664.055878 1763.644678 0.000000
3664.055878 2277.252840 0.000000
3664.055878 2379.274431 0.000000
3664.055878 2610.564550 0.000000
3664.055878 3017.920907 0.000000
3664.055878 3124.172713 0.000000
3664.055878 3597.149144 0.000000
3664.055878 3864.840779 0.000000
3664.055878 3958.147087 0.000000
3664.055878 3985.265739 0.000000
3664.055878 3996.529501 0.000000
3664.055878 4108.250330 0.000000
3664.055878 4345.914817 0.000000
3664.055878 4440.435964 0.000000
3664.055878 4714.055830 0.000000
3664.055878 4805.066960 0.000000
3664.055878 4832.185611 0.000000
3664.055878 4843.449373 0.000000
3664.055878 4955.170202 0.000000
3664.055878 5016.470422 0.000000
3664.055878 5249.421044 0.000000
3664.055878 5287.355836 0.000000
3664.055878 5560.975702 0.000000
3664.055878 5607.433761 0.000000
3664.055878 5907.680516 0.000000
3664.055878 6479.748351 0.000000
3664.055878 6602.822966 0.000000
3664.055878 6754.600389 0.000000
3664.055878 7057.181824 0.000000
3664.055878 7138.124144 0.000000
3664.055878 7229.676292 0.000000
3664.055878 7449.742838 0.000000
3664.055878 7535.251433 0.000000
3664.055878 7904.101696 0.000000
3664.055878 7985.044016 0.000000
3664.055878 8076.596164 0.000000
3664.055878 8265.832128 0.000000
3664.055878 8314.889249 0.000000
3664.055878 8954.033665 0.000000
3664.055878 9112.752000 0.000000
3664.055878 9161.809122 0.000000
3664.055878 9800.953537 0.000000
3812.302832 165.763709 0.000000
3812.302832 895.065911 0.000000
3812.302832 1532.354558 0.000000
3812.302832 1741.985784 0.000000
3812.302832 1763.644678 0.000000
3812.302832 2277.252840 0.000000
3812.302832 2379.274431 0.000000
3812.302832 2610.564550 0.000000
3812.302832 3017.920907 0.000000
3812.302832 3124.172713 0.000000
3812.302832 3597.149144 0.000000
3812.302832 3864.840779 0.000000
3812.302832 3958.147087 0.000000
3812.302832 3985.265739 0.000000
3812.302832 3996.529501 0.000000
3812.302832 4108.250330 0.000000
3812.302832 4345.914817 0.000000
3812.302832 4440.435964 0.000000
3812.302832 4714.055830 0.000000
3812.302832 4805.066960 0.000000
3812.302832 4832.185611 0.000000
3812.302832 4843.449373 0.000000
3812.302832 4955.170202 0.000000
3812.302832 5016.470422 0.000000
3812.302832 5249.421044 0.000000
3812.302832 5287.355836 0.000000
3812.302832 5560.975702 0.000000
3812.302832 5607.433761 0.000000
3812.302832 5907.680516 0.000000
3812.302832 6479.748351 0.000000
3812.302832 6602.822966 0.000000
3812.302832 6754.600389 0.000000
3812.302832 7057.181824 0.000000
3812.302832 7138.124144 0.000000
3812.302832 7229.676292 0.000000
3812.302832 7449.742838 0.000000
3812.302832 7535.251433 0.000000
3812.302832 7904.101696 0.000000
3812.302832 7985.044016 0.000000
3812.302832 8076.596164 0.000000
3812.302832 8265.832128 0.000000
3812.302832 8314.889249 0.000000
3812.302832 8954.033665 0.000000
3812.302832 9112.752000 0.000000
3812.302832 9161.809122 0.000000
3812.302832 9800.953537 0.000000
3964.510059 165.763709 0.000000
3964.510059 895.065911 0.000000
3964.510059 1532.354558 0.000000
3964.510059 1741.985784 0.000000
3964.510059 1763.644678 0.000000
3964.510059 2277.252840 0.000000
3964.510059 2379.274431 0.000000
3964.510059 2610.564550 0.000000
3964.510059 3017.920907 0.000000
3964.510059 3124.172713 0.000000
3964.510059 3597.149144 0.000000
3964.510059 3864.840779 0.000000
3964.510059 3958.147087 0.000000
3964.510059 3985.265739 0.000000
3964.510059 3996.529501 0.000000
3964.510059 4108.250330 0.000000
3964.510059 4345.914817 0.000000
3964.510059 4440.435964 0.000000
3964.510059 4714.055830 0.000000
3964.510059 4805.066960 0.000000
3964.510059 4832.185611 0.000000
3964.510059 4843.449373 0.000000
3964.510059 4955.170202 0.000000
3964.510059 5016.470422 0.000000
3964.510059 5249.421044 0.000000
3964.510059 5287.355836 0.000000
3964.510059 5560.975702 0.000000
3964.510059 5607.433761 0.000000
3964.510059 5907.680516 0.000000
3964.510059 6479.748351 0.000000
3964.510059 6602.822966 0.000000
3964.510059 6754.600389 0.000000
3964.510059 7057.181824 0.000000
3964.510059 7138.124144 0.000000
3964.510059 7229.676292 0.000000
3964.510059 7449.742838 0.000000
3964.510059 7535.251433 0.000000
3964.510059 7904.101696 0.000000
3964.510059 7985.044016 0.000000
3964.510059 8076.596164 0.000000
3964.510059 8265.832128 0.000000
3964.510059 8314.889249 0.000000
3964.510059 8954.033665 0.000000
3964.510059 9112.752000 0.000000
3964.510059 9161.809122 0.000000
3964.510059 9800.953537 0.000000
4382.562780 165.763709 0.000000
4382.562780 895.065911 0.000000
4382.562780 1532.354558 0.000000
4382.562780 1741.985784 0.000000
4382.562780 1763.644678 0.000000
4382.562780 2277.252840 0.000000
4382.562780 2379.274431 0.000000
4382.562780 2610.564550 0.000000
4382.562780 3017.920907 0.000000
4382.562780 3124.172713 0.000000
4382.562780 3597.149144 0.000000
4382.562780 3864.840779 0.000000
4382.562780 3958.147087 0.000000
4382.562780 3985.265739 0.000000
4382.562780 3996.529501 0.000000
4382.562780 4108.250330 0.000000
4382.562780 4345.914817 0.000000
4382.562780 4440.435964 0.000000
4382.562780 4714.055830 0.000000
4382.562780 4805.066960 0.000000
4382.562780 4832.185611 0.000000
4382.562780 4843.449373 0.000000
4382.562780 4955.170202 0.000000
4382.562780 5016.470422 0.000000
4382.562780 5249.421044 0.000000
4382.562780 5287.355836 0.000000
4382.562780 5560.975702 0.000000
4382.562780 5607.433761 0.000000
4382.562780 5907.680516 0.000000
4382.562780 6479.748351 0.000000
4382.562780 6602.822966 0.000000
4382.562780 6754.600389 0.000000
4382.562780 7057.181824 0.000000
4382.562780 7138.124144 0.000000
4382.562780 7229.676292 0.000000
4382.562780 7449.742838 0.000000
4382.562780 7535.251433 0.000000
4382.562780 7904.101696 0.000000
4382.562780 7985.044016 0.000000
4382.562780 8076.596164 0.000000
4382.562780 8265.832128 0.000000
4382.562780 8314.889249 0.000000
4382.562780 8954.033665 0.000000
4382.562780 9112.752000 0.000000
4382.562780 9161.809122 0.000000
4382.562780 9800.953537 0.000000
4476.301917 165.763709 0.000000
4476.301917 895.065911 0.000000
4476.301917 1532.354558 0.000000
4476.301917 1741.985784 0.000000
4476.301917 1763.644678 0.000000
4476.301917 2277.252840 0.000000
4476.301917 2379.274431 0.000000
4476.301917 2610.564550 0.000000
4476.301917 3017.920907 0.000000
4476.301917 3124.172713 0.000000
4476.301917 3597.149144 0.000000
4476.301917 3864.840779 0.000000
4476.301917 3958.147087 0.000000
4476.301917 3985.265739 0.000000
4476.301917 3996.529501 0.000000
4476.301917 4108.250330 0.000000
4476.301917 4345.914817 0.000000
4476.301917 4440.435964 0.000000
4476.301917 4714.055830 0.000000
4476.301917 4805.066960 0.000000
4476.301917 4832.185611 0.000000
4476.301917 4843.449373 0.000000
4476.301917 4955.170202 0.000000
4476.301917 5016.470422 0.000000
4476.301917 5249.421044 0.000000
4476.301917 5287.355836 0.000000
4476.301917 5560.975702 0.000000
4476.301917 5607.433761 0.000000
4476.301917 5907.680516 0.000000
4476.301917 6479.748351 0.000000
4476.301917 6602.822966 0.000000
4476.301917 6754.600389 0.000000
4476.301917 7057.181824 0.000000
4476.301917 7138.124144 0.000000
4476.301917 7229.676292 0.000000
4476.301917 7449.742838 0.000000
4476.301917 7535.251433 0.000000
4476.301917 7904.101696 0.000000
4476.301917 7985.044016 0.000000
4476.301917 8076.596164 0.000000
4476.301917 8265.832128 0.000000
4476.301917 8314.889249 0.000000
4476.301917 8954.033665 0.000000
4476.301917 9112.752000 0.000000
4476.301917 9161.809122 0.000000
4476.301917 9800.953537 0.000000
4811.429931 165.763709 0.000000
4811.429931 895.065911 0.000000
4811.429931 1532.354558 0.000000
4811.429931 1741.985784 0.000000
4811.429931 1763.644678 0.000000
4811.429931 2277.252840 0.000000
4811.429931 2379.274431 0.000000
4811.429931 2610.564550 0.000000
4811.429931 3017.920907 0.000000
4811.429931 3124.172713 0.000000
4811.429931 3597.149144 0.000000
4811.429931 3864.840779 0.000000
4811.429931 3958.147087 0.000000
4811.429931 3985.265739 0.000000
4811.429931 3996.529501 0.000000
4811.429931 4108.250330 0.000000
4811.429931 4345.914817 0.000000
4811.429931 4440.435964 0.000000
4811.429931 4714.055830 0.000000
4811.429931 4805.066960 0.000000
4811.429931 4832.185611 0.000000
4811.429931 4843.449373 0.000000
4811.429931 4955.170202 0.000000
4811.429931 5016.470422 0.000000
4811.429931 5249.421044 0.000000
4811.429931 5287.355836 0.000000
4811.429931 5560.975702 0.000000
4811.429931 5607.433761 0.000000
4811.429931 5907.680516 0.000000
4811.429931 6479.748351 0.000000
4811.429931 6602.822966 0.000000
4811.429931 6754.600389 0.000000
4811.429931 7057.181824 0.000000
4811.429931 7138.124144 0.000000
4811.429931 7229.676292 0.000000
4811.429931 7449.742838 0.000000
4811.429931 7535.251433 0.000000
4811.429931 7904.101696 0.000000
4811.429931 7985.044016 0.000000
4811.429931 8076.596164 0.000000
4811.429931 8265.832128 0.000000
4811.429931 8314.889249 0.000000
4811.429931 8954.033665 0.000000
4811.429931 9112.752000 0.000000
4811.429931 9161.809122 0.000000
4811.429931 9800.953537 0.000000
5043.730460 165.763709 0.000000
5043.730460 895.065911 0.000000
5043.730460 1532.354558 0.000000
5043.730460 1741.985784 0.000000
5043.730460 1763.644678 0.000000
5043.730460 2277.252840 0.000000
5043.730460 2379.274431 0.000000
5043.730460 2610.564550 0.000000
5043.730460 3017.920907 0.000000
5043.730460 3124.172713 0.000000
5043.730460 3597.149144 0.000000
5043.730460 3864.840779 0.000000
5043.730460 3958.147087 0.000000
5043.730460 3985.265739 0.000000
5043.730460 3996.529501 0.000000
5043.730460 4108.250330 0.000000
5043.730460 4345.914817 0.000000
5043.730460 4440.435964 0.000000
5043.730460 4714.055830 0.000000
5043.730460 4805.066960 0.000000
5043.730460 4832.185611 0.000000
5043.730460 4843.449373 0.000000
5043.730460 4955.170202 0.000000
5043.730460 5016.470422 0.000000
5043.730460 5249.421044 0.000000
5043.730460 5287.355836 0.000000
5043.730460 5560.975702 0.000000
5043.730460 5607.433761 0.000000
5043.730460 5907.680516 0.000000
5043.730460 6479.748351 0.000000
5043.730460 6602.822966 0.000000
5043.730460 6754.600389 0.000000
5043.730460 7057.181824 0.000000
5043.730460 7138.124144 0.000000
5043.730460 7229.676292 0.000000
5043.730460 7449.742838 0.000000
5043.730460 7535.251433 0.000000
5043.730460 7904.101696 0.000000
5043.730460 7985.044016 0.000000
5043.730460 8076.596164 0.000000
5043.730460 8265.832128 0.000000
5043.730460 8314.889249 0.000000
5043.730460 8954.033665 0.000000
5043.730460 9112.752000 0.000000
5043.730460 9161.809122 0.000000
5043.730460 9800.953537 0.000000
5229.482652 165.763709 0.000000
5229.482652 895.065911 0.000000
5229.482652 1532.354558 0.000000
5229.482652 1741.985784 0.000000
5229.482652 1763.644678 0.000000
5229.482652 2277.252840 0.000000
5229.482652 2379.274431 0.000000
5229.482652 2610.564550 0.000000
5229.482652 3017.920907 0.000000
5229.482652 3124.172713 0.000000
5229.482652 3597.149144 0.000000
5229.482652 3864.840779 0.000000
5229.482652 3958.147087 0.000000
5229.482652 3985.265739 0.000000
5229.482652 3996.529501 0.000000
5229.482652 4108.250330 0.000000
5229.482652 4345.914817 0.000000
5229.482652 4440.435964 0.000000
5229.482652 4714.055830 0.000000
5229.482652 4805.066960 0.000000
5229.482652 4832.185611 0.000000
5229.482652 4843.449373 0.000000
5229.482652 4955.170202 0.000000
5229.482652 5016.470422 0.000000
5229.482652 5249.421044 0.000000
5229.482652 5287.355836 0.000000
5229.482652 5560.975702 0.000000
5229.482652 5607.433761 0.000000
5229.482652 5907.680516 0.000000
5229.482652 6479.748351 0.000000
5229.482652 6602.822966 0.000000
5229.482652 6754.600389 0.000000
5229.482652 7057.181824 0.000000
5229.482652 7138.124144 0.000000
5229.482652 7229.676292 0.000000
5229.482652 7449.742838 0.000000
5229.482652 7535.251433 0.000000
5229.482652 7904.101696 0.000000
5229.482652 7985.044016 0.000000
5229.482652 8076.596164 0.000000
5229.482652 8265.832128 0.000000
5229.482652 8314.889249 0.000000
5229.482652 8954.033665 0.000000
5229.482652 9112.752000 0.000000
5229.482652 9161.809122 0.000000
5229.482652 9800.953537 0.000000
5340.531219 165.763709 0.000000
5340.531219 895.065911 0.000000
5340.531219 1532.354558 0.000000
5340.531219 1741.985784 0.000000
5340.531219 1763.644678 0.000000
5340.531219 2277.252840 0.000000
5340.531219 2379.274431 0.000000
5340.531219 2610.564550 0.000000
5340.531219 3017.920907 0.000000
5340.531219 3124.172713 0.000000
5340.531219 3597.149144 0.000000
5340.531219 3864.840779 0.000000
5340.531219 3958.147087 0.000000
5340.531219 3985.265739 0.000000
5340.531219 3996.529501 0.000000
5340.531219 4108.250330 0.000000
5340.531219 4345.914817 0.000000
5340.531219 4440.435964 0.000000
5340.531219 4714.055830 0.000000
5340.531219 4805.066960 0.000000
5340.531219 4832.185611 0.000000
5340.531219 4843.449373 0.000000
5340.531219 4955.170202 0.000000
5340.531219 5016.470422 0.000000
5340.531219 5249.421044 0.000000
5340.531219 5287.355836 0.000000
5340.531219 5560.975702 0.000000
5340.531219 5607.433761 0.000000
5340.531219 5907.680516 0.000000
5340.531219 6479.748351 0.000000
5340.531219 6602.822966 0.000000
5340.531219 6754.600389 0.000000
5340.531219 7057.181824 0.000000
5340.531219 7138.124144 0.000000
5340.531219 7229.676292 0.000000
5340.531219 7449.742838 0.000000
5340.531219 7535.251433 0.000000
5340.531219 7904.101696 0.000000
5340.531219 7985.044016 0.000000
5340.531219 8076.596164 0.000000
5340.531219 8265.832128 0.000000
5340.531219 8314.889249 0.000000
5340.531219 8954.033665 0.000000
5340.531219 9112.752000 0.000000
5340.531219 9161.809122 0.000000
5340.531219 9800.953537 0.000000
5890.650332 165.763709 0.000000
5890.650332 895.065911 0.000000
5890.650332 1532.354558 0.000000
5890.650332 1741.985784 0.000000
5890.650332 1763.644678 0.000000
5890.650332 2277.252840 0.000000
5890.650332 2379.274431 0.000000
5890.650332 2610.564550 0.000000
5890.650332 3017.920907 0.000000
5890.650332 3124.172713 0.000000
5890.650332 3597.149144 0.000000
5890.650332 3864.840779 0.000000
5890.650332 3958.147087 0.000000
5890.650332 3985.265739 0.000000
5890.650332 3996.529501 0.000000
5890.650332 4108.250330 0.000000
5890.650332 4345.914817 0.000000
5890.650332 4440.435964 0.000000
5890.650332 4714.055830 0.000000
5890.650332 4805.066960 0.000000
5890.650332 4832.185611 0.000000
5890.650332 4843.449373 0.000000
5890.650332 4955.170202 0.000000
5890.650332 5016.470422 0.000000
5890.650332 5249.421044 0.000000
5890.650332 5287.355836 0.000000
5890.650332 5560.975702 0.000000
5890.650332 5607.433761 0.000000
5890.650332 5907.680516 0.000000
5890.650332 6479.748351 0.000000
5890.650332 6602.822966 0.000000
5890.650332 6754.600389 0.000000
5890.650332 7057.181824 0.000000
5890.650332 7138.124144 0.000000
5890.650332 7229.676292 0.000000
5890.650332 7449.742838 0.000000
5890.650332 7535.251433 0.000000
5890.650332 7904.101696 0.000000
5890.650332 7985.044016 0.000000
5890.650332 8076.596164 0.000000
5890.650332 8265.832128 0.000000
5890.650332 8314.889249 0.000000
5890.650332 8954.033665 0.000000
5890.650332 9112.752000 0.000000
5890.650332 9161.809122 0.000000
5890.650332 9800.953537 0.000000
6028.657274 165.763709 0.000000
6028.657274 895.065911 0.000000
6028.657274 1532.354558 0.000000
6028.657274 1741.985784 0.000000
6028.657274 1763.644678 0.000000
6028.657274 2277.252840 0.000000
6028.657274 2379.274431 0.000000
6028.657274 2610.564550 0.000000
6028.657274 3017.920907 0.000000
6028.657274 3124.172713 0.000000
6028.657274 3597.149144 0.000000
6028.657274 3864.840779 0.000000
6028.657274 3958.147087 0.000000
6028.657274 3985.265739 0.000000
6028.657274 3996.529501 0.000000
6028.657274 4108.250330 0.000000
6028.657274 4345.914817 0.000000
6028.657274 4440.435964 0.000000
6028.657274 4714.055830 0.000000
6028.657274 4805.066960 0.000000
6028.657274 4832.185611 0.000000
6028.657274 4843.449373 0.000000
6028.657274 4955.170202 0.000000
6028.657274 5016.470422 0.000000
6028.657274 5249.421044 0.000000
6028.657274 5287.355836 0.000000
6028.657274 5560.975702 0.000000
6028.657274 5607.433761 0.000000
6028.657274 5907.680516 0.000000
6028.657274 6479.748351 0.000000
6028.657274 6602.822966 0.000000
6028.657274 6754.600389 0.000000
6028.657274 7057.181824 0.000000
6028.657274 7138.124144 0.000000
6028.657274 7229.676292 0.000000
6028.657274 7449.742838 0.000000
6028.657274 7535.251433 0.000000
6028.657274 7904.101696 0.000000
6028.657274 7985.044016 0.000000
6028.657274 8076.596164 0.000000
6028.657274 8265.832128 0.000000
6028.657274 8314.889249 0.000000
6028.657274 8954.033665 0.000000
6028.657274 9112.752000 0.000000
6028.657274 9161.809122 0.000000
6028.657274 9800.953537 0.000000
6111.840951 165.763709 0.000000
6111.840951 895.065911 0.000000
6111.840951 1532.354558 0.000000
6111.840951 1741.985784 0.000000
6111.840951 1763.644678 0.000000
6111.840951 2277.252840 0.000000
6111.840951 2379.274431 0.000000
6111.840951 2610.564550 0.000000
6111.840951 3017.920907 0.000000
6111.840951 3124.172713 0.000000
6111.840951 3597.149144 0.000000
6111.840951 3864.840779 0.000000
6111.840951 3958.147087 0.000000
6111.840951 3985.265739 0.000000
6111.840951 3996.529501 0.000000
6111.840951 4108.250330 0.000000
6111.840951 4345.914817 0.000000
6111.840951 4440.435964 0.000000
6111.840951 4714.055830 0.000000
6111.840951 4805.066960 0.000000
6111.840951 4832.185611 0.000000
6111.840951 4843.449373 0.000000
6111.840951 4955.170202 0.000000
6111.840951 5016.470422 0.000000
6111.840951 5249.421044 0.000000
6111.840951 5287.355836 0.000000
6111.840951 5560.975702 0.000000
6111.840951 5607.433761 0.000000
6111.840951 5907.680516 0.000000
6111.840951 6479.748351 0.000000
6111.840951 6602.822966 0.000000
6111.840951 6754.600389 0.000000
6111.840951 7057.181824 0.000000
6111.840951 7138.124144 0.000000
6111.840951 7229.676292 0.000000
6111.840951 7449.742838 0.000000
6111.840951 7535.251433 0.000000
6111.840951 7904.101696 0.000000
6111.840951 7985.044016 0.000000
6111.840951 8076.596164 0.000000
6111.840951 8265.832128 0.000000
6111.840951 8314.889249 0.000000
6111.840951 8954.033665 0.000000
6111.840951 9112.752000 0.000000
6111.840951 9161.809122 0.000000
6111.840951 9800.953537 0.000000
6415.098696 165.763709 0.000000
6415.098696 895.065911 0.000000
6415.098696 1532.354558 0.000000
6415.098696 1741.985784 0.000000
6415.098696 1763.644678 0.000000
6415.098696 2277.252840 0.000000
6415.098696 2379.274431 0.000000
6415.098696 2610.564550 0.000000
6415.098696 3017.920907 0.000000
6415.098696 3124.172713 0.000000
6415.098696 3597.149144 0.000000
6415.098696 3864.840779 0.000000
6415.098696 3958.147087 0.000000
6415.098696 3985.265739 0.000000
6415.098696 3996.529501 0.000000
6415.098696 4108.250330 0.000000
6415.098696 4345.914817 0.000000
6415.098696 4440.435964 0.000000
6415.098696 4714.055830 0.000000
6415.098696 4805.066960 0.000000
6415.098696 4832.185611 0.000000
6415.098696 4843.449373 0.000000
6415.098696 4955.170202 0.000000
6415.098696 5016.470422 0.000000
6415.098696 5249.421044 0.000000
6415.098696 5287.355836 0.000000
6415.098696 5560.975702 0.000000
6415.098696 5607.433761 0.000000
6415.098696 5907.680516 0.000000
6415.098696 6479.748351 0.000000
6415.098696 6602.822966 0.000000
6415.098696 6754.600389 0.000000
6415.098696 7057.181824 0.000000
6415.098696 7138.124144 0.000000
6415.098696 7229.676292 0.000000
6415.098696 7449.742838 0.000000
6415.098696 7535.251433 0.000000
6415.098696 7904.101696 0.000000
6415.098696 7985.044016 0.000000
6415.098696 8076.596164 0.000000
6415.098696 8265.832128 0.000000
6415.098696 8314.889249 0.000000
6415.098696 8954.033665 0.000000
6415.098696 9112.752000 0.000000
6415.098696 9161.809122 0.000000
6415.098696 9800.953537 0.000000
6837.070827 165.763709 0.000000
6837.070827 895.065911 0.000000
6837.070827 1532.354558 0.000000
6837.070827 1741.985784 0.000000
6837.070827 1763.644678 0.000000
6837.070827 2277.252840 0.000000
6837.070827 2379.274431 0.000000
6837.070827 2610.564550 0.000000
6837.070827 3017.920907 0.000000
6837.070827 3124.172713 0.000000
6837.070827 3597.149144 0.000000
6837.070827 3864.840779 0.000000
6837.070827 3958.147087 0.000000
6837.070827 3985.265739 0.000000
6837.070827 3996.529501 0.000000
6837.070827 4108.250330 0.000000
6837.070827 4345.914817 0.000000
6837.070827 4440.435964 0.000000
6837.070827 4714.055830 0.000000
6837.070827 4805.066960 0.000000
6837.070827 4832.185611 0.000000
6837.070827 4843.449373 0.000000
6837.070827 4955.170202 0.000000
6837.070827 5016.470422 0.000000
6837.070827 5249.421044 0.000000
6837.070827 5287.355836 0.000000
6837.070827 5560.975702 0.000000
6837.070827 5607.433761 0.000000
6837.070827 5907.680516 0.000000
6837.070827 6479.748351 0.000000
6837.070827 6602.822966 0.000000
6837.070827 6754.600389 0.000000
6837.070827 7057.181824 0.000000
6837.070827 7138.124144 0.000000
6837.070827 7229.676292 0.000000
6837.070827 7449.742838 0.000000
6837.070827 7535.251433 0.000000
6837.070827 7904.101696 0.000000
6837.070827 7985.044016 0.000000
6837.070827 8076.596164 0.000000
6837.070827 8265.832128 0.000000
6837.070827 8314.889249 0.000000
6837.070827 8954.033665 0.000000
6837.070827 9112.752000 0.000000
6837.070827 9161.809122 0.000000
6837.070827 9800.953537 0.000000
6875.577146 165.763709 0.000000
6875.577146 895.065911 0.000000
6875.577146 1532.354558 0.000000
6875.577146 1741.985784 0.000000
6875.577146 1763.644678 0.000000
6875.577146 2277.252840 0.000000
6875.577146 2379.274431 0.000000
6875.577146 2610.564550 0.000000
6875.577146 3017.920907 0.000000
6875.577146 3124.172713 0.000000
6875.577146 3597.149144 0.000000
6875.577146 3864.840779 0.000000
6875.577146 3958.147087 0.000000
6875.577146 3985.265739 0.000000
6875.577146 3996.529501 0.000000
6875.577146 4108.250330 0.000000
6875.577146 4345.914817 0.000000
6875.577146 4440.435964 0.000000
6875.577146 4714.055830 0.000000
6875.577146 4805.066960 0.000000
6875.577146 4832.185611 0.000000
6875.577146 4843.449373 0.000000
6875.577146 4955.170202 0.000000
6875.577146 5016.470422 0.000000
6875.577146 5249.421044 0.000000
6875.577146 5287.355836 0.000000
6875.577146 5560.975702 0.000000
6875.577146 5607.433761 0.000000
6875.577146 5907.680516 0.000000
6875.577146 6479.748351 0.000000
6875.577146 6602.822966 0.000000
6875.577146 6754.600389 0.000000
6875.577146 7057.181824 0.000000
6875.577146 7138.124144 0.000000
6875.577146 7229.676292 0.000000
6875.577146 7449.742838 0.000000
6875.577146 7535.251433 0.000000
6875.577146 7904.101696 0.000000
6875.577146 7985.044016 0.000000
6875.577146 8076.596164 0.000000
6875.577146 8265.832128 0.000000
6875.577146 8314.889249 0.000000
6875.577146 8954.033665 0.000000
6875.577146 9112.752000 0.000000
6875.577146 9161.809122 0.000000
6875.577146 9800.953537 0.000000
6958.760824 165.763709 0.000000
6958.760824 895.065911 0.000000
6958.760824 1532.354558 0.000000
6958.760824 1741.985784 0.000000
6958.760824 1763.644678 0.000000
6958.760824 2277.252840 0.000000
6958.760824 2379.274431 0.000000
6958.760824 2610.564550 0.000000
6958.760824 3017.920907 0.000000
6958.760824 3124.172713 0.000000
6958.760824 3597.149144 0.000000
6958.760824 3864.840779 0.000000
6958.760824 3958.147087 0.000000
6958.760824 3985.265739 0.000000
6958.760824 3996.529501 0.000000
6958.760824 4108.250330 0.000000
6958.760824 4345.914817 0.000000
6958.760824 4440.435964 0.000000
6958.760824 4714.055830 0.000000
6958.760824 4805.066960 0.000000
6958.760824 4832.185611 0.000000
6958.760824 4843.449373 0.000000
6958.760824 4955.170202 0.000000
6958.760824 5016.470422 0.000000
6958.760824 5249.421044 0.000000
6958.760824 5287.355836 0.000000
6958.760824 5560.975702 0.000000
6958.760824 5607.433761 0.000000
6958.760824 5907.680516 0.000000
6958.760824 6479.748351 0.000000
6958.760824 6602.822966 0.000000
6958.760824 6754.600389 0.000000
6958.760824 7057.181824 0.000000
6958.760824 7138.124144 0.000000
6958.760824 7229.676292 0.000000
6958.760824 7449.742838 0.000000
6958.760824 7535.251433 0.000000
6958.760824 7904.101696 0.000000
6958.760824 7985.044016 0.000000
6958.760824 8076.596164 0.000000
6958.760824 8265.832128 0.000000
6958.760824 8314.889249 0.000000
6958.760824 8954.033665 0.000000
6958.760824 9112.752000 0.000000
6958.760824 9161.809122 0.000000
6958.760824 9800.953537 0.000000
7262.018568 165.763709 0.000000
7262.018568 895.065911 0.000000
7262.018568 1532.354558 0.000000
7262.018568 1741.985784 0.000000
7262.018568 1763.644678 0.000000
7262.018568 2277.252840 0.000000
7262.018568 2379.274431 0.000000
7262.018568 2610.564550 0.000000
7262.018568 3017.920907 0.000000
7262.018568 3124.172713 0.000000
7262.018568 3597.149144 0.000000
7262.018568 3864.840779 0.000000
7262.018568 3958.147087 0.000000
7262.018568 3985.265739 0.000000
7262.018568 3996.529501 0.000000
7262.018568 4108.250330 0.000000
7262.018568 4345.914817 0.000000
7262.018568 4440.435964 0.000000
7262.018568 4714.055830 0.000000
7262.018568 4805.066960 0.000000
7262.018568 4832.185611 0.000000
7262.018568 4843.449373 0.000000
7262.018568 4955.170202 0.000000
7262.018568 5016.470422 0.000000
7262.018568 5249.421044 0.000000
7262.018568 5287.355836 0.000000
7262.018568 5560.975702 0.000000
7262.018568 5607.433761 0.000000
7262.018568 5907.680516 0.000000
7262.018568 6479.748351 0.000000
7262.018568 6602.822966 0.000000
7262.018568 6754.600389 0.000000
7262.018568 7057.181824 0.000000
7262.018568 7138.124144 0.000000
7262.018568 7229.676292 0.000000
7262.018568 7449.742838 0.000000
7262.018568 7535.251433 0.000000
7262.018568 7904.101696 0.000000
7262.018568 7985.044016 0.000000
7262.018568 8076.596164 0.000000
7262.018568 8265.832128 0.000000
7262.018568 8314.889249 0.000000
7262.018568 8954.033665 0.000000
7262.018568 9112.752000 0.000000
7262.018568 9161.809122 0.000000
7262.018568 9800.953537 0.000000
7683.990699 165.763709 0.000000
7683.990699 895.065911 0.000000
7683.990699 1532.354558 0.000000
7683.990699 1741.985784 0.000000
7683.990699 1763.644678 0.000000
7683.990699 2277.252840 0.000000
7683.990699 2379.274431 0.000000
7683.990699 2610.564550 0.000000
7683.990699 3017.920907 0.000000
7683.990699 3124.172713 0.000000
7683.990699 3597.149144 0.000000
7683.990699 3864.840779 0.000000
7683.990699 3958.147087 0.000000
7683.990699 3985.265739 0.000000
7683.990699 3996.529501 0.000000
7683.990699 4108.250330 0.000000
7683.990699 4345.914817 0.000000
7683.990699 4440.435964 0.000000
7683.990699 4714.055830 0.000000
7683.990699 4805.066960 0.000000
7683.990699 4832.185611 0.000000
7683.990699 4843.449373 0.000000
7683.990699 4955.170202 0.000000
7683.990699 5016.470422 0.000000
7683.990699 5249.421044 0.000000
7683.990699 5287.355836 0.000000
7683.990699 5560.975702 0.000000
7683.990699 5607.433761 0.000000
7683.990699 5907.680516 0.000000
7683.990699 6479.748351 0.000000
7683.990699 6602.822966 0.000000
7683.990699 6754.600389 0.000000
7683.990699 7057.181824 0.000000
7683.990699 7138.124144 0.000000
7683.990699 7229.676292 0.000000
7683.990699 7449.742838 0.000000
7683.990699 7535.251433 0.000000
7683.990699 7904.101696 0.000000
7683.990699 7985.044016 0.000000
7683.990699 8076.596164 0.000000
7683.990699 8265.832128 0.000000
7683.990699 8314.889249 0.000000
7683.990699 8954.033665 0.000000
7683.990699 9112.752000 0.000000
7683.990699 9161.809122 0.000000
7683.990699 9800.953537 0.000000
7715.677432 165.763709 0.000000
7715.677432 895.065911 0.000000
7715.677432 1532.354558 0.000000
7715.677432 1741.985784 0.000000
7715.677432 1763.644678 0.000000
7715.677432 2277.252840 0.000000
7715.677432 2379.274431 0.000000
7715.677432 2610.564550 0.000000
7715.677432 3017.920907 0.000000
7715.677432 3124.172713 0.000000
7715.677432 3597.149144 0.000000
7715.677432 3864.840779 0.000000
7715.677432 3958.147087 0.000000
7715.677432 3985.265739 0.000000
7715.677432 3996.529501 0.000000
7715.677432 4108.250330 0.000000
7715.677432 4345.914817 0.000000
7715.677432 4440.435964 0.000000
7715.677432 4714.055830 0.000000
7715.677432 4805.066960 0.000000
7715.677432 4832.185611 0.000000
7715.677432 4843.449373 0.000000
7715.677432 4955.170202 0.000000
7715.677432 5016.470422 0.000000
7715.677432 5249.421044 0.000000
7715.677432 5287.355836 0.000000
7715.677432 5560.975702 0.000000
7715.677432 5607.433761 0.000000
7715.677432 5907.680516 0.000000
7715.677432 6479.748351 0.000000
7715.677432 6602.822966 0.000000
7715.677432 6754.600389 0.000000
7715.677432 7057.181824 0.000000
7715.677432 7138.124144 0.000000
7715.677432 7229.676292 0.000000
7715.677432 7449.742838 0.000000
7715.677432 7535.251433 0.000000
7715.677432 7904.101696 0.000000
7715.677432 7985.044016 0.000000
7715.677432 8076.596164 0.000000
7715.677432 8265.832128 0.000000
7715.677432 8314.889249 0.000000
7715.677432 8954.033665 0.000000
7715.677432 9112.752000 0.000000
7715.677432 9161.809122 0.000000
7715.677432 9800.953537 0.000000
7835.608782 165.763709 0.000000
7835.608782 895.065911 0.000000
7835.608782 1532.354558 0.000000
7835.608782 1741.985784 0.000000
7835.608782 1763.644678 0.000000
7835.608782 2277.252840 0.000000
7835.608782 2379.274431 0.000000
7835.608782 2610.564550 0.000000
7835.608782 3017.920907 0.000000
7835.608782 3124.172713 0.000000
7835.608782 3597.149144 0.000000
7835.608782 3864.840779 0.000000
7835.608782 3958.147087 0.000000
7835.608782 3985.265739 0.000000
7835.608782 3996.529501 0.000000
7835.608782 4108.250330 0.000000
7835.608782 4345.914817 0.000000
7835.608782 4440.435964 0.000000
7835.608782 4714.055830 0.000000
7835.608782 4805.066960 0.000000
7835.608782 4832.185611 0.000000
7835.608782 4843.449373 0.000000
7835.608782 4955.170202 0.000000
7835.608782 5016.470422 0.000000
7835.608782 5249.421044 0.000000
7835.608782 5287.355836 0.000000
7835.608782 5560.975702 0.000000
7835.608782 5607.433761 0.000000
7835.608782 5907.680516 0.000000
7835.608782 6479.748351 0.000000
7835.608782 6602.822966 0.000000
7835.608782 6754.600389 0.000000
7835.608782 7057.181824 0.000000
7835.608782 7138.124144 0.000000
7835.608782 7229.676292 0.000000
7835.608782 7449.742838 0.000000
7835.608782 7535.251433 0.000000
7835.608782 7904.101696 0.000000
7835.608782 7985.044016 0.000000
7835.608782 8076.596164 0.000000
7835.608782 8265.832128 0.000000
7835.608782 8314.889249 0.000000
7835.608782 8954.033665 0.000000
7835.608782 9112.752000 0.000000
7835.608782 9161.809122 0.000000
7835.608782 9800.953537 0.000000
8037.705096 165.763709 0.000000
8037.705096 895.065911 0.000000
8037.705096 1532.354558 0.000000
8037.705096 1741.985784 0.000000
8037.705096 1763.644678 0.000000
8037.705096 2277.252840 0.000000
8037.705096 2379.274431 0.000000
8037.705096 2610.564550 0.000000
8037.705096 3017.920907 0.000000
8037.705096 3124.172713 0.000000
8037.705096 3597.149144 0.000000
8037.705096 3864.840779 0.000000
8037.705096 3958.147087 0.000000
8037.705096 3985.265739 0.000000
8037.705096 3996.529501 0.000000
8037.705096 4108.250330 0.000000
8037.705096 4345.914817 0.000000
8037.705096 4440.435964 0.000000
8037.705096 4714.055830 0.000000
8037.705096 4805.066960 0.000000
8037.705096 4832.185611 0.000000
8037.705096 4843.449373 0.000000
8037.705096 4955.170202 0.000000
8037.705096 5016.470422 0.000000
8037.705096 5249.421044 0.000000
8037.705096 5287.355836 0.000000
8037.705096 5560.975702 0.000000
8037.705096 5607.433761 0.000000
8037.705096 5907.680516 0.000000
8037.705096 6479.748351 0.000000
8037.705096 6602.822966 0.000000
8037.705096 6754.600389 0.000000
8037.705096 7057.181824 0.000000
8037.705096 7138.124144 0.000000
8037.705096 7229.676292 0.000000
8037.705096 7449.742838 0.000000
8037.705096 7535.251433 0.000000
8037.705096 7904.101696 0.000000
8037.705096 7985.044016 0.000000
8037.705096 8076.596164 0.000000
8037.705096 8265.832128 0.000000
8037.705096 8314.889249 0.000000
8037.705096 8954.033665 0.000000
8037.705096 9112.752000 0.000000
8037.705096 9161.809122 0.000000
8037.705096 9800.953537 0.000000
8470.267627 165.763709 0.000000
8470.267627 895.065911 0.000000
8470.267627 1532.354558 0.000000
8470.267627 1741.985784 0.000000
8470.267627 1763.644678 0.000000
8470.267627 2277.252840 0.000000
8470.267627 2379.274431 0.000000
8470.267627 2610.564550 0.000000
8470.267627 3017.920907 0.000000
8470.267627 3124.172713 0.000000
8470.267627 3597.149144 0.000000
8470.267627 3864.840779 0.000000
8470.267627 3958.147087 0.000000
8470.267627 3985.265739 0.000000
8470.267627 3996.529501 0.000000
8470.267627 4108.250330 0.000000
8470.267627 4345.914817 0.000000
8470.267627 4440.435964 0.000000
8470.267627 4714.055830 0.000000
8470.267627 4805.066960 0.000000
8470.267627 4832.185611 0.000000
8470.267627 4843.449373 0.000000
8470.267627 4955.170202 0.000000
8470.267627 5016.470422 0.000000
8470.267627 5249.421044 0.000000
8470.267627 5287.355836 0.000000
8470.267627 5560.975702 0.000000
8470.267627 5607.433761 0.000000
8470.267627 5907.680516 0.000000
8470.267627 6479.748351 0.000000
8470.267627 6602.822966 0.000000
8470.267627 6754.600389 0.000000
8470.267627 7057.181824 0.000000
8470.267627 7138.124144 0.000000
8470.267627 7229.676292 0.000000
8470.267627 7449.742838 0.000000
8470.267627 7535.251433 0.000000
8470.267627 7904.101696 0.000000
8470.267627 7985.044016 0.000000
8470.267627 8076.596164 0.000000
8470.267627 8265.832128 0.000000
8470.267627 8314.889249 0.000000
8470.267627 8954.033665 0.000000
8470.267627 9112.752000 0.000000
8470.267627 9161.809122 0.000000
8470.267627 9800.953537 0.000000
8562.597305 165.763709 0.000000
8562.597305 895.065911 0.000000
8562.597305 1532.354558 0.000000
8562.597305 1741.985784 0.000000
8562.597305 1763.644678 0.000000
8562.597305 2277.252840 0.000000
8562.597305 2379.274431 0.000000
8562.597305 2610.564550 0.000000
8562.597305 3017.920907 0.000000
8562.597305 3124.172713 0.000000
8562.597305 3597.149144 0.000000
8562.597305 3864.840779 0.000000
8562.597305 3958.147087 0.000000
8562.597305 3985.265739 0.000000
8562.597305 3996.529501 0.000000
8562.597305 4108.250330 0.000000
8562.597305 4345.914817 0.000000
8562.597305 4440.435964 0.000000
8562.597305 4714.055830 0.000000
8562.597305 4805.066960 0.000000
8562.597305 4832.185611 0.000000
8562.597305 4843.449373 0.000000
8562.597305 4955.170202 0.000000
8562.597305 5016.470422 0.000000
8562.597305 5249.421044 0.000000
8562.597305 5287.355836 0.000000
8562.597305 5560.975702 0.000000
8562.597305 5607.433761 0.000000
8562.597305 5907.680516 0.000000
8562.597305 6479.748351 0.000000
8562.597305 6602.822966 0.000000
8562.597305 6754.600389 0.000000
8562.597305 7057.181824 0.000000
8562.597305 7138.124144 0.000000
8562.597305 7229.676292 0.000000
8562.597305 7449.742838 0.000000
8562.597305 7535.251433 0.000000
8562.597305 7904.101696 0.000000
8562.597305 7985.044016 0.000000
8562.597305 8076.596164 0.000000
8562.597305 8265.832128 0.000000
8562.597305 8314.889249 0.000000
8562.597305 8954.033665 0.000000
8562.597305 9112.752000 0.000000
8562.597305 9161.809122 0.000000
8562.597305 9800.953537 0.000000
8682.528655 165.763709 0.000000
8682.528655 895.065911 0.000000
8682.528655 1532.354558 0.000000
8682.528655 1741.985784 0.000000
8682.528655 1763.644678 0.000000
8682.528655 2277.252840 0.000000
8682.528655 2379.274431 0.000000
8682.528655 2610.564550 0.000000
8682.528655 3017.920907 0.000000
8682.528655 3124.172713 0.000000
8682.528655 3597.149144 0.000000
8682.528655 3864.840779 0.000000
8682.528655 3958.147087 0.000000
8682.528655 3985.265739 0.000000
8682.528655 3996.529501 0.000000
8682.528655 4108.250330 0.000000
8682.528655 4345.914817 0.000000
8682.528655 4440.435964 0.000000
8682.528655 4714.055830 0.000000
8682.528655 4805.066960 0.000000
8682.528655 4832.185611 0.000000
8682.528655 4843.449373 0.000000
8682.528655 4955.170202 0.000000
8682.528655 5016.470422 0.000000
8682.528655 5249.421044 0.000000
8682.528655 5287.355836 0.000000
8682.528655 5560.975702 0.000000
8682.528655 5607.433761 0.000000
8682.528655 5907.680516 0.000000
8682.528655 6479.748351 0.000000
8682.528655 6602.822966 0.000000
8682.528655 6754.600389 0.000000
8682.528655 7057.181824 0.000000
8682.528655 7138.124144 0.000000
8682.528655 7229.676292 0.000000
8682.528655 7449.742838 0.000000
8682.528655 7535.251433 0.000000
8682.528655 7904.101696 0.000000
8682.528655 7985.044016 0.000000
8682.528655 8076.596164 0.000000
8682.528655 8265.832128 0.000000
8682.528655 8314.889249 0.000000
8682.528655 8954.033665 0.000000
8682.528655 9112.752000 0.000000
8682.528655 9161.809122 0.000000
8682.528655 9800.953537 0.000000
8884.624968 165.763709 0.000000
8884.624968 895.065911 0.000000
8884.624968 1532.354558 0.000000
8884.624968 1741.985784 0.000000
8884.624968 1763.644678 0.000000
8884.624968 2277.252840 0.000000
8884.624968 2379.274431 0.000000
8884.624968 2610.564550 0.000000
8884.624968 3017.920907 0.000000
8884.624968 3124.172713 0.000000
8884.624968 3597.149144 0.000000
8884.624968 3864.840779 0.000000
8884.624968 3958.147087 0.000000
8884.624968 3985.265739 0.000000
8884.624968 3996.529501 0.000000
8884.624968 4108.250330 0.000000
8884.624968 4345.914817 0.000000
8884.624968 4440.435964 0.000000
8884.624968 4714.055830 0.000000
8884.624968 4805.066960 0.000000
8884.624968 4832.185611 0.000000
8884.624968 4843.449373 0.000000
8884.624968 4955.170202 0.000000
8884.624968 5016.470422 0.000000
8884.624968 5249.421044 0.000000
8884.624968 5287.355836 0.000000
8884.624968 5560.975702 0.000000
8884.624968 5607.433761 0.000000
8884.624968 5907.680516 0.000000
8884.624968 6479.748351 0.000000
8884.624968 6602.822966 0.000000
8884.624968 6754.600389 0.000000
8884.624968 7057.181824 0.000000
8884.624968 7138.124144 0.000000
8884.624968 7229.676292 0.000000
8884.624968 7449.742838 0.000000
8884.624968 7535.251433 0.000000
8884.624968 7904.101696 0.000000
8884.624968 7985.044016 0.000000
8884.624968 8076.596164 0.000000
8884.624968 8265.832128 0.000000
8884.624968 8314.889249 0.000000
8884.624968 8954.033665 0.000000
8884.624968 9112.752000 0.000000
8884.624968 9161.809122 0.000000
8884.624968 9800.953537 0.000000
