0 1 15.380424
1 2 57.377605
2 3 14.337441
3 4 55.502502
4 5 29.404028
5 6 42.311018
6 7 29.404028
7 8 11.688978
8 9 34.402232
9 10 37.312814
10 11 34.402232
11 12 11.429227
12 13 53.558559
13 14 18.156487
14 15 10.066041
15 16 17.486135
16 17 26.006384
17 18 28.222528
18 19 17.486135
19 20 53.388726
20 21 71.715046
21 22 75.877567
22 23 71.161477
23 24 31.829280
24 25 10.893827
25 26 28.991939
26 27 31.829280
27 28 10.893827
28 29 25.626670
29 30 21.531954
30 31 37.967972
31 32 12.215120
32 33 21.531954
0 34 52.763939
1 35 52.763939
34 35 15.380424
2 36 52.763939
35 36 57.377605
3 37 52.763939
36 37 14.337441
4 38 52.763939
37 38 55.502502
5 39 52.763939
38 39 29.404028
6 40 52.763939
39 40 42.311018
7 41 52.763939
40 41 29.404028
8 42 52.763939
41 42 11.688978
9 43 52.763939
42 43 34.402232
10 44 52.763939
43 44 37.312814
11 45 52.763939
44 45 34.402232
12 46 52.763939
45 46 11.429227
13 47 52.763939
46 47 53.558559
14 48 52.763939
47 48 18.156487
15 49 52.763939
48 49 10.066041
16 50 52.763939
49 50 17.486135
17 51 52.763939
50 51 26.006384
18 52 52.763939
51 52 28.222528
19 53 52.763939
52 53 17.486135
20 54 52.763939
53 54 53.388726
21 55 52.763939
54 55 71.715046
22 56 52.763939
55 56 75.877567
23 57 52.763939
56 57 71.161477
24 58 52.763939
57 58 31.829280
25 59 52.763939
58 59 10.893827
26 60 52.763939
59 60 28.991939
27 61 52.763939
60 61 31.829280
28 62 52.763939
61 62 10.893827
29 63 52.763939
62 63 25.626670
30 64 52.763939
63 64 21.531954
31 65 52.763939
64 65 37.967972
32 66 52.763939
65 66 12.215120
33 67 52.763939
66 67 21.531954
34 68 44.789776
35 69 44.789776
68 69 15.380424
36 70 44.789776
69 70 57.377605
37 71 44.789776
70 71 14.337441
38 72 44.789776
71 72 55.502502
39 73 134.369329
72 73 88.212084
40 74 134.369329
73 74 126.933054
41 75 44.789776
74 75 88.212084
42 76 44.789776
75 76 11.688978
43 77 44.789776
76 77 34.402232
44 78 44.789776
77 78 37.312814
45 79 44.789776
78 79 34.402232
46 80 44.789776
79 80 11.429227
47 81 44.789776
80 81 53.558559
48 82 44.789776
81 82 18.156487
49 83 44.789776
82 83 10.066041
50 84 44.789776
83 84 17.486135
51 85 44.789776
84 85 26.006384
52 86 44.789776
85 86 28.222528
53 87 44.789776
86 87 17.486135
54 88 44.789776
87 88 53.388726
55 89 44.789776
88 89 71.715046
56 90 44.789776
89 90 75.877567
57 91 44.789776
90 91 71.161477
58 92 44.789776
91 92 31.829280
59 93 44.789776
92 93 10.893827
60 94 44.789776
93 94 28.991939
61 95 44.789776
94 95 31.829280
62 96 44.789776
95 96 10.893827
63 97 44.789776
96 97 25.626670
64 98 44.789776
97 98 21.531954
67 101 44.789776
68 102 26.925270
70 104 26.925270
71 105 26.925270
104 105 14.337441
72 106 26.925270
105 106 55.502502
73 107 80.775809
106 107 88.212084
74 108 80.775809
107 108 126.933054
75 109 26.925270
108 109 88.212084
76 110 26.925270
109 110 11.688978
77 111 26.925270
110 111 34.402232
78 112 26.925270
111 112 37.312814
79 113 26.925270
112 113 34.402232
80 114 26.925270
113 114 11.429227
81 115 26.925270
114 115 53.558559
82 116 26.925270
115 116 18.156487
83 117 26.925270
116 117 10.066041
84 118 26.925270
117 118 17.486135
85 119 26.925270
118 119 26.006384
86 120 26.925270
119 120 28.222528
87 121 26.925270
120 121 17.486135
88 122 26.925270
121 122 53.388726
89 123 26.925270
122 123 71.715046
90 124 26.925270
123 124 75.877567
91 125 26.925270
124 125 71.161477
92 126 26.925270
125 126 31.829280
93 127 26.925270
126 127 10.893827
94 128 26.925270
127 128 28.991939
95 129 26.925270
128 129 31.829280
96 130 26.925270
129 130 10.893827
97 131 26.925270
130 131 25.626670
98 132 26.925270
131 132 21.531954
132 133 37.967972
133 134 12.215120
101 135 26.925270
134 135 21.531954
102 136 10.733014
104 138 10.733014
105 139 10.733014
138 139 14.337441
106 140 10.733014
139 140 55.502502
107 141 32.199043
140 141 29.404028
108 142 32.199043
141 142 42.311018
109 143 10.733014
142 143 29.404028
110 144 10.733014
143 144 11.688978
111 145 10.733014
144 145 34.402232
112 146 10.733014
145 146 37.312814
113 147 10.733014
146 147 34.402232
114 148 10.733014
147 148 11.429227
115 149 10.733014
148 149 53.558559
116 150 10.733014
149 150 18.156487
117 151 10.733014
150 151 10.066041
118 152 10.733014
151 152 17.486135
119 153 10.733014
152 153 26.006384
120 154 10.733014
153 154 28.222528
121 155 10.733014
154 155 17.486135
122 156 10.733014
155 156 53.388726
123 157 10.733014
156 157 71.715046
124 158 10.733014
157 158 75.877567
125 159 10.733014
158 159 71.161477
126 160 10.733014
159 160 31.829280
127 161 10.733014
160 161 10.893827
128 162 10.733014
161 162 28.991939
129 163 10.733014
162 163 31.829280
130 164 10.733014
163 164 10.893827
131 165 10.733014
164 165 25.626670
132 166 10.733014
165 166 21.531954
133 167 10.733014
166 167 37.967972
134 168 10.733014
167 168 12.215120
135 169 10.733014
168 169 21.531954
136 170 34.056762
170 171 15.380424
138 172 34.056762
171 172 57.377605
139 173 34.056762
172 173 14.337441
140 174 34.056762
173 174 55.502502
141 175 34.056762
174 175 29.404028
142 176 34.056762
175 176 42.311018
143 177 34.056762
176 177 29.404028
144 178 34.056762
177 178 11.688978
145 179 34.056762
178 179 34.402232
146 180 34.056762
179 180 37.312814
147 181 34.056762
180 181 34.402232
148 182 34.056762
181 182 11.429227
149 183 34.056762
182 183 53.558559
150 184 34.056762
183 184 18.156487
151 185 34.056762
184 185 10.066041
152 186 34.056762
185 186 17.486135
156 190 34.056762
157 191 34.056762
190 191 71.715046
158 192 34.056762
191 192 75.877567
159 193 34.056762
192 193 71.161477
160 194 34.056762
193 194 31.829280
161 195 34.056762
194 195 10.893827
162 196 34.056762
195 196 28.991939
163 197 34.056762
196 197 31.829280
164 198 34.056762
197 198 10.893827
165 199 34.056762
198 199 25.626670
166 200 34.056762
199 200 21.531954
167 201 34.056762
200 201 37.967972
168 202 34.056762
201 202 12.215120
169 203 34.056762
202 203 21.531954
170 204 37.658284
171 205 37.658284
204 205 15.380424
172 206 37.658284
205 206 57.377605
173 207 37.658284
206 207 14.337441
174 208 37.658284
207 208 55.502502
175 209 37.658284
208 209 29.404028
176 210 37.658284
209 210 42.311018
177 211 37.658284
210 211 29.404028
178 212 37.658284
211 212 11.688978
179 213 37.658284
212 213 34.402232
180 214 37.658284
213 214 37.312814
181 215 37.658284
214 215 34.402232
182 216 37.658284
215 216 11.429227
183 217 37.658284
216 217 53.558559
184 218 37.658284
217 218 18.156487
185 219 37.658284
218 219 10.066041
186 220 37.658284
219 220 17.486135
220 221 26.006384
221 222 28.222528
222 223 17.486135
190 224 37.658284
223 224 53.388726
191 225 37.658284
224 225 71.715046
192 226 37.658284
225 226 75.877567
193 227 37.658284
226 227 71.161477
194 228 37.658284
227 228 31.829280
195 229 37.658284
228 229 10.893827
196 230 37.658284
229 230 28.991939
197 231 37.658284
230 231 31.829280
198 232 37.658284
231 232 10.893827
199 233 37.658284
232 233 25.626670
200 234 37.658284
233 234 21.531954
201 235 37.658284
234 235 37.967972
202 236 37.658284
235 236 12.215120
203 237 37.658284
236 237 21.531954
204 238 30.577705
205 239 30.577705
238 239 15.380424
206 240 30.577705
239 240 57.377605
207 241 30.577705
240 241 14.337441
208 242 30.577705
241 242 55.502502
209 243 30.577705
242 243 29.404028
210 244 30.577705
243 244 42.311018
211 245 30.577705
244 245 29.404028
212 246 30.577705
245 246 11.688978
213 247 30.577705
246 247 34.402232
214 248 30.577705
247 248 37.312814
215 249 30.577705
248 249 34.402232
216 250 30.577705
249 250 11.429227
217 251 30.577705
250 251 53.558559
218 252 30.577705
251 252 18.156487
219 253 30.577705
252 253 10.066041
220 254 30.577705
253 254 17.486135
221 255 30.577705
254 255 26.006384
222 256 30.577705
255 256 28.222528
223 257 30.577705
256 257 17.486135
224 258 30.577705
257 258 53.388726
225 259 30.577705
258 259 71.715046
226 260 30.577705
259 260 75.877567
227 261 30.577705
260 261 71.161477
228 262 91.733116
261 262 95.487840
229 263 91.733116
262 263 32.681481
230 264 30.577705
263 264 86.975817
231 265 30.577705
264 265 31.829280
232 266 30.577705
265 266 10.893827
233 267 30.577705
266 267 25.626670
234 268 30.577705
267 268 21.531954
235 269 30.577705
268 269 37.967972
236 270 30.577705
269 270 12.215120
237 271 30.577705
270 271 21.531954
238 272 36.502020
239 273 36.502020
272 273 15.380424
241 275 36.502020
242 276 36.502020
275 276 55.502502
243 277 36.502020
276 277 29.404028
244 278 36.502020
277 278 42.311018
245 279 36.502020
278 279 29.404028
246 280 36.502020
279 280 11.688978
247 281 36.502020
280 281 34.402232
248 282 36.502020
281 282 37.312814
249 283 36.502020
282 283 34.402232
250 284 36.502020
283 284 11.429227
251 285 36.502020
284 285 53.558559
252 286 36.502020
285 286 18.156487
253 287 36.502020
286 287 10.066041
254 288 36.502020
287 288 17.486135
255 289 36.502020
288 289 26.006384
256 290 36.502020
289 290 28.222528
257 291 36.502020
290 291 17.486135
258 292 36.502020
291 292 53.388726
259 293 36.502020
292 293 71.715046
260 294 36.502020
293 294 75.877567
261 295 36.502020
294 295 71.161477
262 296 109.506060
295 296 95.487840
263 297 109.506060
296 297 32.681481
264 298 36.502020
297 298 86.975817
265 299 36.502020
298 299 31.829280
266 300 36.502020
299 300 10.893827
267 301 36.502020
300 301 25.626670
268 302 36.502020
301 302 21.531954
269 303 36.502020
302 303 37.967972
270 304 36.502020
303 304 12.215120
271 305 36.502020
304 305 21.531954
272 306 11.731503
273 307 11.731503
306 307 15.380424
275 309 11.731503
276 310 11.731503
309 310 55.502502
277 311 11.731503
310 311 29.404028
278 312 11.731503
311 312 42.311018
279 313 11.731503
312 313 29.404028
280 314 11.731503
313 314 11.688978
281 315 11.731503
314 315 34.402232
282 316 11.731503
315 316 37.312814
283 317 11.731503
316 317 34.402232
284 318 11.731503
317 318 11.429227
285 319 11.731503
318 319 53.558559
286 320 11.731503
319 320 18.156487
287 321 11.731503
320 321 10.066041
290 324 11.731503
291 325 11.731503
324 325 17.486135
292 326 11.731503
325 326 53.388726
293 327 11.731503
326 327 71.715046
294 328 11.731503
327 328 75.877567
295 329 11.731503
328 329 71.161477
296 330 35.194510
329 330 31.829280
297 331 35.194510
330 331 10.893827
298 332 11.731503
331 332 28.991939
299 333 11.731503
332 333 31.829280
300 334 11.731503
333 334 10.893827
301 335 11.731503
334 335 25.626670
302 336 11.731503
335 336 21.531954
303 337 11.731503
336 337 37.967972
304 338 11.731503
337 338 12.215120
305 339 11.731503
338 339 21.531954
306 340 13.894072
307 341 13.894072
340 341 15.380424
309 343 13.894072
310 344 13.894072
343 344 55.502502
311 345 13.894072
344 345 29.404028
312 346 13.894072
345 346 42.311018
313 347 13.894072
346 347 29.404028
314 348 13.894072
347 348 11.688978
315 349 13.894072
348 349 34.402232
316 350 13.894072
349 350 37.312814
317 351 13.894072
350 351 34.402232
318 352 13.894072
351 352 11.429227
319 353 13.894072
352 353 53.558559
320 354 13.894072
353 354 18.156487
321 355 13.894072
354 355 10.066041
324 358 41.682215
325 359 13.894072
358 359 52.458404
326 360 13.894072
359 360 53.388726
327 361 13.894072
360 361 71.715046
328 362 13.894072
361 362 75.877567
329 363 13.894072
362 363 71.161477
330 364 13.894072
363 364 31.829280
331 365 13.894072
364 365 10.893827
332 366 13.894072
365 366 28.991939
333 367 13.894072
366 367 31.829280
334 368 13.894072
367 368 10.893827
335 369 13.894072
368 369 25.626670
338 372 13.894072
339 373 13.894072
372 373 21.531954
340 374 11.042104
341 375 11.042104
374 375 15.380424
375 376 57.377605
343 377 11.042104
376 377 14.337441
344 378 11.042104
377 378 55.502502
345 379 11.042104
378 379 29.404028
346 380 11.042104
379 380 42.311018
347 381 11.042104
380 381 29.404028
348 382 11.042104
381 382 11.688978
349 383 11.042104
382 383 34.402232
350 384 11.042104
383 384 37.312814
351 385 11.042104
384 385 34.402232
352 386 11.042104
385 386 11.429227
353 387 11.042104
386 387 53.558559
358 392 33.126312
359 393 11.042104
392 393 52.458404
360 394 11.042104
393 394 53.388726
361 395 11.042104
394 395 71.715046
362 396 11.042104
395 396 75.877567
363 397 11.042104
396 397 71.161477
364 398 11.042104
397 398 31.829280
365 399 11.042104
398 399 10.893827
366 400 11.042104
399 400 28.991939
367 401 11.042104
400 401 31.829280
368 402 11.042104
401 402 10.893827
369 403 11.042104
402 403 25.626670
372 406 11.042104
373 407 11.042104
406 407 21.531954
374 408 35.047367
375 409 35.047367
408 409 15.380424
376 410 35.047367
409 410 57.377605
377 411 35.047367
410 411 14.337441
378 412 35.047367
411 412 55.502502
379 413 35.047367
412 413 29.404028
380 414 35.047367
413 414 42.311018
381 415 35.047367
414 415 29.404028
382 416 35.047367
415 416 11.688978
383 417 105.142101
416 417 103.206697
384 418 35.047367
417 418 111.938441
385 419 35.047367
418 419 34.402232
386 420 35.047367
419 420 11.429227
387 421 35.047367
420 421 53.558559
392 426 105.142101
425 426 84.667584
393 427 35.047367
426 427 52.458404
394 428 35.047367
427 428 53.388726
395 429 35.047367
428 429 71.715046
396 430 35.047367
429 430 75.877567
397 431 35.047367
430 431 71.161477
398 432 35.047367
431 432 31.829280
399 433 105.142101
432 433 32.681481
400 434 105.142101
433 434 86.975817
401 435 35.047367
434 435 95.487840
402 436 35.047367
435 436 10.893827
403 437 35.047367
436 437 25.626670
406 440 35.047367
407 441 35.047367
440 441 21.531954
408 442 18.759882
409 443 18.759882
442 443 15.380424
410 444 18.759882
443 444 57.377605
411 445 18.759882
444 445 14.337441
412 446 18.759882
445 446 55.502502
413 447 18.759882
446 447 29.404028
414 448 18.759882
447 448 42.311018
415 449 18.759882
448 449 29.404028
416 450 18.759882
449 450 11.688978
417 451 56.279647
450 451 103.206697
418 452 18.759882
451 452 111.938441
419 453 18.759882
452 453 34.402232
420 454 18.759882
453 454 11.429227
421 455 18.759882
454 455 53.558559
425 459 56.279647
426 460 56.279647
459 460 28.222528
427 461 18.759882
460 461 17.486135
428 462 18.759882
461 462 53.388726
429 463 18.759882
462 463 71.715046
430 464 18.759882
463 464 75.877567
431 465 18.759882
464 465 71.161477
432 466 18.759882
465 466 31.829280
433 467 56.279647
466 467 32.681481
434 468 56.279647
467 468 86.975817
435 469 18.759882
468 469 95.487840
436 470 18.759882
469 470 10.893827
437 471 18.759882
470 471 25.626670
440 474 18.759882
441 475 18.759882
474 475 21.531954
442 476 17.907797
443 477 17.907797
476 477 15.380424
444 478 17.907797
477 478 57.377605
445 479 17.907797
478 479 14.337441
446 480 17.907797
479 480 55.502502
447 481 17.907797
480 481 29.404028
448 482 17.907797
481 482 42.311018
449 483 17.907797
482 483 29.404028
450 484 17.907797
483 484 11.688978
451 485 53.723391
484 485 103.206697
452 486 17.907797
485 486 111.938441
453 487 17.907797
486 487 34.402232
454 488 17.907797
487 488 11.429227
490 491 10.066041
491 492 17.486135
459 493 17.907797
492 493 26.006384
460 494 17.907797
493 494 28.222528
461 495 17.907797
494 495 17.486135
462 496 17.907797
495 496 53.388726
463 497 17.907797
496 497 71.715046
464 498 17.907797
497 498 75.877567
465 499 17.907797
498 499 71.161477
466 500 17.907797
499 500 31.829280
467 501 53.723391
500 501 10.893827
468 502 53.723391
501 502 28.991939
469 503 17.907797
502 503 31.829280
470 504 17.907797
503 504 10.893827
471 505 17.907797
504 505 25.626670
505 506 21.531954
506 507 37.967972
474 508 17.907797
507 508 12.215120
475 509 17.907797
508 509 21.531954
476 510 61.709637
477 511 61.709637
510 511 15.380424
478 512 61.709637
511 512 57.377605
479 513 61.709637
512 513 14.337441
480 514 61.709637
513 514 55.502502
481 515 61.709637
514 515 29.404028
482 516 61.709637
515 516 42.311018
483 517 61.709637
516 517 29.404028
484 518 61.709637
517 518 11.688978
485 519 185.128911
518 519 34.402232
486 520 61.709637
519 520 37.312814
487 521 61.709637
520 521 34.402232
488 522 61.709637
521 522 11.429227
522 523 53.558559
490 524 61.709637
523 524 18.156487
491 525 61.709637
524 525 10.066041
492 526 61.709637
525 526 17.486135
493 527 61.709637
526 527 26.006384
494 528 61.709637
527 528 28.222528
495 529 61.709637
528 529 17.486135
496 530 61.709637
529 530 53.388726
497 531 61.709637
530 531 71.715046
498 532 61.709637
531 532 75.877567
499 533 61.709637
532 533 71.161477
500 534 61.709637
533 534 31.829280
501 535 61.709637
534 535 10.893827
502 536 61.709637
535 536 28.991939
503 537 61.709637
536 537 31.829280
504 538 61.709637
537 538 10.893827
505 539 61.709637
538 539 25.626670
506 540 61.709637
539 540 21.531954
507 541 61.709637
540 541 37.967972
508 542 61.709637
541 542 12.215120
509 543 61.709637
542 543 21.531954
510 544 52.913086
511 545 52.913086
544 545 15.380424
512 546 52.913086
545 546 57.377605
513 547 52.913086
546 547 14.337441
514 548 52.913086
547 548 55.502502
515 549 52.913086
548 549 29.404028
517 551 52.913086
518 552 52.913086
551 552 11.688978
519 553 52.913086
552 553 34.402232
520 554 52.913086
553 554 37.312814
521 555 52.913086
554 555 34.402232
522 556 52.913086
555 556 11.429227
523 557 52.913086
556 557 53.558559
524 558 52.913086
557 558 18.156487
525 559 52.913086
558 559 10.066041
526 560 52.913086
559 560 17.486135
527 561 52.913086
560 561 26.006384
528 562 52.913086
561 562 28.222528
529 563 52.913086
562 563 17.486135
530 564 52.913086
563 564 53.388726
531 565 52.913086
564 565 71.715046
532 566 52.913086
565 566 75.877567
533 567 52.913086
566 567 71.161477
534 568 52.913086
567 568 31.829280
535 569 52.913086
568 569 10.893827
536 570 52.913086
569 570 28.991939
537 571 52.913086
570 571 31.829280
538 572 52.913086
571 572 10.893827
539 573 52.913086
572 573 25.626670
540 574 52.913086
573 574 21.531954
541 575 52.913086
574 575 37.967972
542 576 52.913086
575 576 12.215120
543 577 52.913086
576 577 21.531954
544 578 18.828217
545 579 18.828217
578 579 15.380424
546 580 18.828217
579 580 57.377605
547 581 18.828217
580 581 14.337441
548 582 18.828217
581 582 55.502502
549 583 56.484651
582 583 88.212084
583 584 126.933054
551 585 18.828217
584 585 29.404028
552 586 18.828217
585 586 11.688978
553 587 18.828217
586 587 34.402232
554 588 18.828217
587 588 37.312814
555 589 18.828217
588 589 34.402232
556 590 18.828217
589 590 11.429227
557 591 18.828217
590 591 53.558559
558 592 18.828217
591 592 18.156487
559 593 18.828217
592 593 10.066041
560 594 18.828217
593 594 17.486135
561 595 18.828217
594 595 26.006384
562 596 18.828217
595 596 28.222528
563 597 18.828217
596 597 17.486135
564 598 18.828217
597 598 53.388726
565 599 18.828217
598 599 71.715046
566 600 18.828217
599 600 75.877567
567 601 18.828217
600 601 71.161477
568 602 18.828217
601 602 31.829280
569 603 18.828217
602 603 10.893827
570 604 18.828217
603 604 28.991939
571 605 18.828217
604 605 31.829280
572 606 18.828217
605 606 10.893827
573 607 18.828217
606 607 25.626670
574 608 18.828217
607 608 21.531954
575 609 18.828217
608 609 37.967972
576 610 18.828217
609 610 12.215120
577 611 18.828217
610 611 21.531954
578 612 39.136636
579 613 39.136636
612 613 15.380424
580 614 39.136636
613 614 57.377605
581 615 39.136636
614 615 14.337441
582 616 39.136636
615 616 55.502502
583 617 117.409907
616 617 88.212084
584 618 39.136636
617 618 126.933054
585 619 39.136636
618 619 29.404028
586 620 39.136636
619 620 11.688978
587 621 39.136636
620 621 34.402232
588 622 39.136636
621 622 37.312814
589 623 39.136636
622 623 34.402232
590 624 39.136636
623 624 11.429227
591 625 39.136636
624 625 53.558559
592 626 39.136636
625 626 18.156487
593 627 39.136636
626 627 10.066041
594 628 39.136636
627 628 17.486135
595 629 39.136636
628 629 26.006384
596 630 39.136636
629 630 28.222528
597 631 39.136636
630 631 17.486135
598 632 39.136636
631 632 53.388726
599 633 39.136636
632 633 71.715046
600 634 39.136636
633 634 75.877567
601 635 39.136636
634 635 71.161477
602 636 39.136636
635 636 31.829280
603 637 39.136636
636 637 10.893827
604 638 39.136636
637 638 28.991939
605 639 39.136636
638 639 31.829280
606 640 39.136636
639 640 10.893827
607 641 39.136636
640 641 25.626670
608 642 39.136636
641 642 21.531954
609 643 39.136636
642 643 37.967972
610 644 39.136636
643 644 12.215120
611 645 39.136636
644 645 21.531954
612 646 13.750193
613 647 13.750193
646 647 15.380424
614 648 13.750193
647 648 57.377605
615 649 13.750193
648 649 14.337441
616 650 13.750193
649 650 55.502502
617 651 41.250580
650 651 29.404028
618 652 13.750193
651 652 42.311018
619 653 13.750193
652 653 29.404028
620 654 13.750193
653 654 11.688978
621 655 13.750193
654 655 34.402232
622 656 13.750193
655 656 37.312814
623 657 13.750193
656 657 34.402232
624 658 13.750193
657 658 11.429227
625 659 13.750193
658 659 53.558559
626 660 13.750193
659 660 18.156487
627 661 13.750193
660 661 10.066041
628 662 13.750193
661 662 17.486135
629 663 13.750193
662 663 26.006384
630 664 13.750193
663 664 28.222528
631 665 13.750193
664 665 17.486135
632 666 13.750193
665 666 53.388726
633 667 13.750193
666 667 71.715046
634 668 13.750193
667 668 227.632702
635 669 13.750193
668 669 71.161477
636 670 13.750193
669 670 31.829280
637 671 13.750193
670 671 10.893827
638 672 13.750193
671 672 28.991939
639 673 13.750193
672 673 31.829280
640 674 13.750193
673 674 10.893827
641 675 13.750193
674 675 25.626670
642 676 13.750193
675 676 21.531954
643 677 13.750193
676 677 37.967972
644 678 13.750193
677 678 12.215120
645 679 13.750193
678 679 21.531954
646 680 23.647207
647 681 23.647207
680 681 15.380424
648 682 23.647207
681 682 57.377605
649 683 23.647207
682 683 14.337441
650 684 23.647207
683 684 55.502502
651 685 70.941620
684 685 88.212084
652 686 70.941620
685 686 126.933054
653 687 23.647207
686 687 88.212084
654 688 23.647207
687 688 11.688978
655 689 23.647207
688 689 34.402232
656 690 23.647207
689 690 37.312814
657 691 23.647207
690 691 34.402232
658 692 23.647207
691 692 11.429227
659 693 23.647207
692 693 53.558559
660 694 23.647207
693 694 18.156487
661 695 23.647207
694 695 10.066041
662 696 23.647207
695 696 17.486135
663 697 23.647207
696 697 26.006384
664 698 23.647207
697 698 28.222528
665 699 23.647207
698 699 17.486135
666 700 23.647207
699 700 53.388726
667 701 23.647207
700 701 71.715046
668 702 23.647207
701 702 227.632702
669 703 23.647207
702 703 71.161477
670 704 23.647207
703 704 31.829280
671 705 23.647207
704 705 10.893827
672 706 23.647207
705 706 28.991939
673 707 23.647207
706 707 31.829280
674 708 23.647207
707 708 10.893827
675 709 23.647207
708 709 25.626670
676 710 23.647207
709 710 21.531954
677 711 23.647207
710 711 37.967972
678 712 23.647207
711 712 12.215120
679 713 23.647207
712 713 21.531954
680 714 34.317646
681 715 34.317646
714 715 15.380424
682 716 34.317646
715 716 57.377605
683 717 34.317646
716 717 14.337441
684 718 34.317646
717 718 55.502502
685 719 102.952938
718 719 88.212084
686 720 102.952938
719 720 126.933054
687 721 34.317646
720 721 88.212084
688 722 34.317646
721 722 11.688978
689 723 34.317646
722 723 34.402232
691 725 34.317646
692 726 34.317646
725 726 11.429227
693 727 34.317646
726 727 53.558559
694 728 34.317646
727 728 18.156487
695 729 34.317646
728 729 10.066041
696 730 34.317646
729 730 17.486135
697 731 34.317646
730 731 26.006384
698 732 34.317646
731 732 28.222528
699 733 34.317646
732 733 17.486135
700 734 34.317646
733 734 53.388726
701 735 34.317646
734 735 71.715046
702 736 34.317646
735 736 75.877567
703 737 34.317646
736 737 71.161477
704 738 34.317646
737 738 31.829280
705 739 34.317646
738 739 10.893827
706 740 34.317646
739 740 28.991939
707 741 34.317646
740 741 31.829280
708 742 34.317646
741 742 10.893827
709 743 34.317646
742 743 25.626670
710 744 34.317646
743 744 21.531954
711 745 34.317646
744 745 37.967972
712 746 34.317646
745 746 12.215120
713 747 34.317646
746 747 21.531954
714 748 23.569187
715 749 23.569187
748 749 15.380424
716 750 23.569187
749 750 57.377605
717 751 23.569187
750 751 14.337441
718 752 23.569187
751 752 55.502502
719 753 70.707562
752 753 29.404028
720 754 70.707562
753 754 42.311018
721 755 23.569187
754 755 29.404028
722 756 23.569187
755 756 11.688978
723 757 23.569187
756 757 34.402232
725 759 23.569187
726 760 23.569187
759 760 11.429227
727 761 23.569187
760 761 53.558559
728 762 23.569187
761 762 18.156487
729 763 23.569187
762 763 10.066041
730 764 23.569187
763 764 17.486135
731 765 23.569187
764 765 26.006384
732 766 23.569187
765 766 28.222528
733 767 23.569187
766 767 17.486135
734 768 23.569187
767 768 53.388726
735 769 23.569187
768 769 71.715046
736 770 23.569187
769 770 75.877567
737 771 23.569187
770 771 71.161477
738 772 23.569187
771 772 31.829280
739 773 23.569187
772 773 10.893827
740 774 23.569187
773 774 28.991939
741 775 23.569187
774 775 31.829280
742 776 23.569187
775 776 10.893827
743 777 23.569187
776 777 25.626670
744 778 23.569187
777 778 21.531954
745 779 23.569187
778 779 37.967972
746 780 23.569187
779 780 12.215120
747 781 23.569187
780 781 21.531954
748 782 13.828213
749 783 13.828213
782 783 15.380424
750 784 13.828213
783 784 57.377605
751 785 13.828213
784 785 14.337441
752 786 13.828213
785 786 55.502502
753 787 13.828213
786 787 29.404028
754 788 13.828213
787 788 42.311018
755 789 13.828213
788 789 29.404028
756 790 13.828213
789 790 11.688978
757 791 13.828213
790 791 34.402232
791 792 37.312814
759 793 13.828213
792 793 34.402232
760 794 13.828213
793 794 11.429227
761 795 13.828213
794 795 53.558559
762 796 13.828213
795 796 18.156487
763 797 13.828213
796 797 10.066041
764 798 13.828213
797 798 17.486135
765 799 13.828213
798 799 26.006384
766 800 13.828213
799 800 28.222528
767 801 13.828213
800 801 17.486135
768 802 13.828213
801 802 53.388726
769 803 13.828213
802 803 71.715046
770 804 13.828213
803 804 75.877567
771 805 13.828213
804 805 71.161477
772 806 13.828213
805 806 31.829280
773 807 13.828213
806 807 10.893827
774 808 13.828213
807 808 28.991939
775 809 13.828213
808 809 31.829280
776 810 13.828213
809 810 10.893827
777 811 13.828213
810 811 25.626670
778 812 13.828213
811 812 21.531954
779 813 13.828213
812 813 37.967972
780 814 13.828213
813 814 12.215120
781 815 13.828213
814 815 21.531954
782 816 30.350328
783 817 30.350328
816 817 15.380424
784 818 30.350328
817 818 57.377605
785 819 30.350328
818 819 14.337441
786 820 30.350328
819 820 55.502502
787 821 30.350328
820 821 29.404028
788 822 30.350328
821 822 42.311018
789 823 30.350328
822 823 29.404028
790 824 30.350328
823 824 11.688978
791 825 30.350328
824 825 34.402232
792 826 30.350328
825 826 37.312814
793 827 30.350328
826 827 34.402232
794 828 30.350328
827 828 11.429227
795 829 30.350328
828 829 53.558559
796 830 30.350328
829 830 18.156487
797 831 30.350328
830 831 10.066041
798 832 30.350328
831 832 17.486135
799 833 30.350328
832 833 26.006384
800 834 30.350328
833 834 28.222528
801 835 30.350328
834 835 17.486135
802 836 30.350328
835 836 53.388726
803 837 30.350328
836 837 71.715046
804 838 30.350328
837 838 75.877567
805 839 30.350328
838 839 71.161477
806 840 30.350328
839 840 31.829280
807 841 30.350328
840 841 10.893827
808 842 91.050985
841 842 86.975817
809 843 91.050985
842 843 95.487840
810 844 30.350328
843 844 32.681481
811 845 30.350328
844 845 25.626670
812 846 30.350328
845 846 21.531954
813 847 30.350328
846 847 37.967972
814 848 30.350328
847 848 12.215120
815 849 30.350328
848 849 21.531954
816 850 22.710615
817 851 22.710615
850 851 15.380424
818 852 22.710615
851 852 57.377605
819 853 22.710615
852 853 14.337441
820 854 22.710615
853 854 55.502502
821 855 22.710615
854 855 29.404028
822 856 22.710615
855 856 42.311018
823 857 22.710615
856 857 29.404028
824 858 22.710615
857 858 11.688978
825 859 22.710615
858 859 34.402232
826 860 22.710615
859 860 37.312814
827 861 22.710615
860 861 34.402232
828 862 22.710615
861 862 11.429227
829 863 22.710615
862 863 53.558559
830 864 22.710615
863 864 18.156487
831 865 22.710615
864 865 10.066041
832 866 22.710615
865 866 17.486135
833 867 22.710615
866 867 26.006384
834 868 22.710615
867 868 28.222528
835 869 22.710615
868 869 17.486135
836 870 22.710615
869 870 53.388726
837 871 22.710615
870 871 215.145138
838 872 22.710615
871 872 75.877567
839 873 22.710615
872 873 71.161477
840 874 22.710615
873 874 31.829280
841 875 22.710615
874 875 10.893827
842 876 68.131845
875 876 86.975817
843 877 68.131845
876 877 95.487840
844 878 22.710615
877 878 32.681481
845 879 22.710615
878 879 25.626670
846 880 22.710615
879 880 21.531954
847 881 22.710615
880 881 37.967972
848 882 22.710615
881 882 12.215120
849 883 22.710615
882 883 21.531954
850 884 20.697399
851 885 20.697399
884 885 15.380424
852 886 20.697399
885 886 57.377605
853 887 20.697399
886 887 14.337441
854 888 20.697399
887 888 55.502502
855 889 20.697399
888 889 29.404028
856 890 20.697399
889 890 42.311018
857 891 20.697399
890 891 29.404028
858 892 20.697399
891 892 11.688978
859 893 20.697399
892 893 34.402232
860 894 20.697399
893 894 37.312814
861 895 20.697399
894 895 34.402232
862 896 20.697399
895 896 11.429227
863 897 20.697399
896 897 53.558559
864 898 20.697399
897 898 18.156487
865 899 20.697399
898 899 10.066041
866 900 20.697399
899 900 17.486135
867 901 20.697399
900 901 26.006384
868 902 20.697399
901 902 28.222528
869 903 20.697399
902 903 17.486135
870 904 20.697399
903 904 53.388726
871 905 20.697399
904 905 215.145138
872 906 20.697399
905 906 75.877567
873 907 20.697399
906 907 71.161477
874 908 20.697399
907 908 31.829280
875 909 20.697399
908 909 10.893827
876 910 62.092197
909 910 28.991939
877 911 62.092197
910 911 31.829280
878 912 20.697399
911 912 10.893827
879 913 20.697399
912 913 25.626670
880 914 20.697399
913 914 21.531954
881 915 20.697399
914 915 37.967972
882 916 20.697399
915 916 12.215120
883 917 20.697399
916 917 21.531954
884 918 28.307032
885 919 28.307032
918 919 15.380424
886 920 28.307032
919 920 57.377605
887 921 28.307032
920 921 14.337441
888 922 28.307032
921 922 55.502502
889 923 28.307032
922 923 29.404028
890 924 28.307032
923 924 42.311018
891 925 28.307032
924 925 29.404028
892 926 28.307032
925 926 11.688978
893 927 28.307032
926 927 34.402232
894 928 28.307032
927 928 37.312814
895 929 28.307032
928 929 34.402232
896 930 28.307032
929 930 11.429227
897 931 28.307032
930 931 53.558559
898 932 28.307032
931 932 18.156487
899 933 28.307032
932 933 10.066041
900 934 28.307032
933 934 17.486135
901 935 28.307032
934 935 26.006384
902 936 28.307032
935 936 28.222528
903 937 28.307032
936 937 17.486135
904 938 28.307032
937 938 53.388726
905 939 28.307032
938 939 71.715046
906 940 28.307032
939 940 75.877567
907 941 28.307032
940 941 71.161477
908 942 28.307032
941 942 31.829280
909 943 28.307032
942 943 10.893827
910 944 28.307032
943 944 28.991939
911 945 28.307032
944 945 31.829280
912 946 28.307032
945 946 10.893827
913 947 28.307032
946 947 25.626670
914 948 28.307032
947 948 21.531954
915 949 28.307032
948 949 37.967972
916 950 28.307032
949 950 12.215120
917 951 28.307032
950 951 21.531954
