1516.544381 1814.605354 0.000000
1516.544381 1829.985777 0.000000
1516.544381 1887.363382 0.000000
1516.544381 1901.700823 0.000000
1516.544381 1957.203325 0.000000
1516.544381 1986.607353 0.000000
1516.544381 2028.918371 0.000000
1516.544381 2058.322399 0.000000
1516.544381 2070.011378 0.000000
1516.544381 2104.413610 0.000000
1516.544381 2141.726424 0.000000
1516.544381 2176.128656 0.000000
1516.544381 2187.557884 0.000000
1516.544381 2241.116443 0.000000
1516.544381 2259.272930 0.000000
1516.544381 2269.338971 0.000000
1516.544381 2286.825105 0.000000
1516.544381 2312.831489 0.000000
1516.544381 2341.054017 0.000000
1516.544381 2358.540151 0.000000
1516.544381 2411.928877 0.000000
1516.544381 2483.643923 0.000000
1516.544381 2559.521490 0.000000
1516.544381 2630.682967 0.000000
1516.544381 2662.512247 0.000000
1516.544381 2673.406074 0.000000
1516.544381 2702.398013 0.000000
1516.544381 2734.227293 0.000000
1516.544381 2745.121120 0.000000
1516.544381 2770.747791 0.000000
1516.544381 2792.279745 0.000000
1516.544381 2830.247717 0.000000
1516.544381 2842.462837 0.000000
1516.544381 2863.994791 0.000000
1569.308321 1814.605354 0.000000
1569.308321 1829.985777 0.000000
1569.308321 1887.363382 0.000000
1569.308321 1901.700823 0.000000
1569.308321 1957.203325 0.000000
1569.308321 1986.607353 0.000000
1569.308321 2028.918371 0.000000
1569.308321 2058.322399 0.000000
1569.308321 2070.011378 0.000000
1569.308321 2104.413610 0.000000
1569.308321 2141.726424 0.000000
1569.308321 2176.128656 0.000000
1569.308321 2187.557884 0.000000
1569.308321 2241.116443 0.000000
1569.308321 2259.272930 0.000000
1569.308321 2269.338971 0.000000
1569.308321 2286.825105 0.000000
1569.308321 2312.831489 0.000000
1569.308321 2341.054017 0.000000
1569.308321 2358.540151 0.000000
1569.308321 2411.928877 0.000000
1569.308321 2483.643923 0.000000
1569.308321 2559.521490 0.000000
1569.308321 2630.682967 0.000000
1569.308321 2662.512247 0.000000
1569.308321 2673.406074 0.000000
1569.308321 2702.398013 0.000000
1569.308321 2734.227293 0.000000
1569.308321 2745.121120 0.000000
1569.308321 2770.747791 0.000000
1569.308321 2792.279745 0.000000
1569.308321 2830.247717 0.000000
1569.308321 2842.462837 0.000000
1569.308321 2863.994791 0.000000
1614.098097 1814.605354 0.000000
1614.098097 1829.985777 0.000000
1614.098097 1887.363382 0.000000
1614.098097 1901.700823 0.000000
1614.098097 1957.203325 0.000000
1614.098097 1986.607353 0.000000
1614.098097 2028.918371 0.000000
1614.098097 2058.322399 0.000000
1614.098097 2070.011378 0.000000
1614.098097 2104.413610 0.000000
1614.098097 2141.726424 0.000000
1614.098097 2176.128656 0.000000
1614.098097 2187.557884 0.000000
1614.098097 2241.116443 0.000000
1614.098097 2259.272930 0.000000
1614.098097 2269.338971 0.000000
1614.098097 2286.825105 0.000000
1614.098097 2312.831489 0.000000
1614.098097 2341.054017 0.000000
1614.098097 2358.540151 0.000000
1614.098097 2411.928877 0.000000
1614.098097 2483.643923 0.000000
1614.098097 2559.521490 0.000000
1614.098097 2630.682967 0.000000
1614.098097 2662.512247 0.000000
1614.098097 2673.406074 0.000000
1614.098097 2702.398013 0.000000
1614.098097 2734.227293 0.000000
1614.098097 2745.121120 0.000000
1614.098097 2770.747791 0.000000
1614.098097 2792.279745 0.000000
1614.098097 2830.247717 0.000000
1614.098097 2842.462837 0.000000
1614.098097 2863.994791 0.000000
1641.023367 1814.605354 0.000000
1641.023367 1829.985777 0.000000
1641.023367 1887.363382 0.000000
1641.023367 1901.700823 0.000000
1641.023367 1957.203325 0.000000
1641.023367 1986.607353 0.000000
1641.023367 2028.918371 0.000000
1641.023367 2058.322399 0.000000
1641.023367 2070.011378 0.000000
1641.023367 2104.413610 0.000000
1641.023367 2141.726424 0.000000
1641.023367 2176.128656 0.000000
1641.023367 2187.557884 0.000000
1641.023367 2241.116443 0.000000
1641.023367 2259.272930 0.000000
1641.023367 2269.338971 0.000000
1641.023367 2286.825105 0.000000
1641.023367 2312.831489 0.000000
1641.023367 2341.054017 0.000000
1641.023367 2358.540151 0.000000
1641.023367 2411.928877 0.000000
1641.023367 2483.643923 0.000000
1641.023367 2559.521490 0.000000
1641.023367 2630.682967 0.000000
1641.023367 2662.512247 0.000000
1641.023367 2673.406074 0.000000
1641.023367 2702.398013 0.000000
1641.023367 2734.227293 0.000000
1641.023367 2745.121120 0.000000
1641.023367 2770.747791 0.000000
1641.023367 2792.279745 0.000000
1641.023367 2830.247717 0.000000
1641.023367 2842.462837 0.000000
1641.023367 2863.994791 0.000000
1651.756381 1814.605354 0.000000
1651.756381 1829.985777 0.000000
1651.756381 1887.363382 0.000000
1651.756381 1901.700823 0.000000
1651.756381 1957.203325 0.000000
1651.756381 1986.607353 0.000000
1651.756381 2028.918371 0.000000
1651.756381 2058.322399 0.000000
1651.756381 2070.011378 0.000000
1651.756381 2104.413610 0.000000
1651.756381 2141.726424 0.000000
1651.756381 2176.128656 0.000000
1651.756381 2187.557884 0.000000
1651.756381 2241.116443 0.000000
1651.756381 2259.272930 0.000000
1651.756381 2269.338971 0.000000
1651.756381 2286.825105 0.000000
1651.756381 2312.831489 0.000000
1651.756381 2341.054017 0.000000
1651.756381 2358.540151 0.000000
1651.756381 2411.928877 0.000000
1651.756381 2483.643923 0.000000
1651.756381 2559.521490 0.000000
1651.756381 2630.682967 0.000000
1651.756381 2662.512247 0.000000
1651.756381 2673.406074 0.000000
1651.756381 2702.398013 0.000000
1651.756381 2734.227293 0.000000
1651.756381 2745.121120 0.000000
1651.756381 2770.747791 0.000000
1651.756381 2792.279745 0.000000
1651.756381 2830.247717 0.000000
1651.756381 2842.462837 0.000000
1651.756381 2863.994791 0.000000
1685.813143 1814.605354 0.000000
1685.813143 1829.985777 0.000000
1685.813143 1887.363382 0.000000
1685.813143 1901.700823 0.000000
1685.813143 1957.203325 0.000000
1685.813143 1986.607353 0.000000
1685.813143 2028.918371 0.000000
1685.813143 2058.322399 0.000000
1685.813143 2070.011378 0.000000
1685.813143 2104.413610 0.000000
1685.813143 2141.726424 0.000000
1685.813143 2176.128656 0.000000
1685.813143 2187.557884 0.000000
1685.813143 2241.116443 0.000000
1685.813143 2259.272930 0.000000
1685.813143 2269.338971 0.000000
1685.813143 2286.825105 0.000000
1685.813143 2312.831489 0.000000
1685.813143 2341.054017 0.000000
1685.813143 2358.540151 0.000000
1685.813143 2411.928877 0.000000
1685.813143 2483.643923 0.000000
1685.813143 2559.521490 0.000000
1685.813143 2630.682967 0.000000
1685.813143 2662.512247 0.000000
1685.813143 2673.406074 0.000000
1685.813143 2702.398013 0.000000
1685.813143 2734.227293 0.000000
1685.813143 2745.121120 0.000000
1685.813143 2770.747791 0.000000
1685.813143 2792.279745 0.000000
1685.813143 2830.247717 0.000000
1685.813143 2842.462837 0.000000
1685.813143 2863.994791 0.000000
1723.471427 1814.605354 0.000000
1723.471427 1829.985777 0.000000
1723.471427 1887.363382 0.000000
1723.471427 1901.700823 0.000000
1723.471427 1957.203325 0.000000
1723.471427 1986.607353 0.000000
1723.471427 2028.918371 0.000000
1723.471427 2058.322399 0.000000
1723.471427 2070.011378 0.000000
1723.471427 2104.413610 0.000000
1723.471427 2141.726424 0.000000
1723.471427 2176.128656 0.000000
1723.471427 2187.557884 0.000000
1723.471427 2241.116443 0.000000
1723.471427 2259.272930 0.000000
1723.471427 2269.338971 0.000000
1723.471427 2286.825105 0.000000
1723.471427 2312.831489 0.000000
1723.471427 2341.054017 0.000000
1723.471427 2358.540151 0.000000
1723.471427 2411.928877 0.000000
1723.471427 2483.643923 0.000000
1723.471427 2559.521490 0.000000
1723.471427 2630.682967 0.000000
1723.471427 2662.512247 0.000000
1723.471427 2673.406074 0.000000
1723.471427 2702.398013 0.000000
1723.471427 2734.227293 0.000000
1723.471427 2745.121120 0.000000
1723.471427 2770.747791 0.000000
1723.471427 2792.279745 0.000000
1723.471427 2830.247717 0.000000
1723.471427 2842.462837 0.000000
1723.471427 2863.994791 0.000000
1754.049132 1814.605354 0.000000
1754.049132 1829.985777 0.000000
1754.049132 1887.363382 0.000000
1754.049132 1901.700823 0.000000
1754.049132 1957.203325 0.000000
1754.049132 1986.607353 0.000000
1754.049132 2028.918371 0.000000
1754.049132 2058.322399 0.000000
1754.049132 2070.011378 0.000000
1754.049132 2104.413610 0.000000
1754.049132 2141.726424 0.000000
1754.049132 2176.128656 0.000000
1754.049132 2187.557884 0.000000
1754.049132 2241.116443 0.000000
1754.049132 2259.272930 0.000000
1754.049132 2269.338971 0.000000
1754.049132 2286.825105 0.000000
1754.049132 2312.831489 0.000000
1754.049132 2341.054017 0.000000
1754.049132 2358.540151 0.000000
1754.049132 2411.928877 0.000000
1754.049132 2483.643923 0.000000
1754.049132 2559.521490 0.000000
1754.049132 2630.682967 0.000000
1754.049132 2662.512247 0.000000
1754.049132 2673.406074 0.000000
1754.049132 2702.398013 0.000000
1754.049132 2734.227293 0.000000
1754.049132 2745.121120 0.000000
1754.049132 2770.747791 0.000000
1754.049132 2792.279745 0.000000
1754.049132 2830.247717 0.000000
1754.049132 2842.462837 0.000000
1754.049132 2863.994791 0.000000
1790.551152 1814.605354 0.000000
1790.551152 1829.985777 0.000000
1790.551152 1887.363382 0.000000
1790.551152 1901.700823 0.000000
1790.551152 1957.203325 0.000000
1790.551152 1986.607353 0.000000
1790.551152 2028.918371 0.000000
1790.551152 2058.322399 0.000000
1790.551152 2070.011378 0.000000
1790.551152 2104.413610 0.000000
1790.551152 2141.726424 0.000000
1790.551152 2176.128656 0.000000
1790.551152 2187.557884 0.000000
1790.551152 2241.116443 0.000000
1790.551152 2259.272930 0.000000
1790.551152 2269.338971 0.000000
1790.551152 2286.825105 0.000000
1790.551152 2312.831489 0.000000
1790.551152 2341.054017 0.000000
1790.551152 2358.540151 0.000000
1790.551152 2411.928877 0.000000
1790.551152 2483.643923 0.000000
1790.551152 2559.521490 0.000000
1790.551152 2630.682967 0.000000
1790.551152 2662.512247 0.000000
1790.551152 2673.406074 0.000000
1790.551152 2702.398013 0.000000
1790.551152 2734.227293 0.000000
1790.551152 2745.121120 0.000000
1790.551152 2770.747791 0.000000
1790.551152 2792.279745 0.000000
1790.551152 2830.247717 0.000000
1790.551152 2842.462837 0.000000
1790.551152 2863.994791 0.000000
1802.282656 1814.605354 0.000000
1802.282656 1829.985777 0.000000
1802.282656 1887.363382 0.000000
1802.282656 1901.700823 0.000000
1802.282656 1957.203325 0.000000
1802.282656 1986.607353 0.000000
1802.282656 2028.918371 0.000000
1802.282656 2058.322399 0.000000
1802.282656 2070.011378 0.000000
1802.282656 2104.413610 0.000000
1802.282656 2141.726424 0.000000
1802.282656 2176.128656 0.000000
1802.282656 2187.557884 0.000000
1802.282656 2241.116443 0.000000
1802.282656 2259.272930 0.000000
1802.282656 2269.338971 0.000000
1802.282656 2286.825105 0.000000
1802.282656 2312.831489 0.000000
1802.282656 2341.054017 0.000000
1802.282656 2358.540151 0.000000
1802.282656 2411.928877 0.000000
1802.282656 2483.643923 0.000000
1802.282656 2559.521490 0.000000
1802.282656 2630.682967 0.000000
1802.282656 2662.512247 0.000000
1802.282656 2673.406074 0.000000
1802.282656 2702.398013 0.000000
1802.282656 2734.227293 0.000000
1802.282656 2745.121120 0.000000
1802.282656 2770.747791 0.000000
1802.282656 2792.279745 0.000000
1802.282656 2830.247717 0.000000
1802.282656 2842.462837 0.000000
1802.282656 2863.994791 0.000000
1816.176727 1814.605354 0.000000
1816.176727 1829.985777 0.000000
1816.176727 1887.363382 0.000000
1816.176727 1901.700823 0.000000
1816.176727 1957.203325 0.000000
1816.176727 1986.607353 0.000000
1816.176727 2028.918371 0.000000
1816.176727 2058.322399 0.000000
1816.176727 2070.011378 0.000000
1816.176727 2104.413610 0.000000
1816.176727 2141.726424 0.000000
1816.176727 2176.128656 0.000000
1816.176727 2187.557884 0.000000
1816.176727 2241.116443 0.000000
1816.176727 2259.272930 0.000000
1816.176727 2269.338971 0.000000
1816.176727 2286.825105 0.000000
1816.176727 2312.831489 0.000000
1816.176727 2341.054017 0.000000
1816.176727 2358.540151 0.000000
1816.176727 2411.928877 0.000000
1816.176727 2483.643923 0.000000
1816.176727 2559.521490 0.000000
1816.176727 2630.682967 0.000000
1816.176727 2662.512247 0.000000
1816.176727 2673.406074 0.000000
1816.176727 2702.398013 0.000000
1816.176727 2734.227293 0.000000
1816.176727 2745.121120 0.000000
1816.176727 2770.747791 0.000000
1816.176727 2792.279745 0.000000
1816.176727 2830.247717 0.000000
1816.176727 2842.462837 0.000000
1816.176727 2863.994791 0.000000
1827.218832 1814.605354 0.000000
1827.218832 1829.985777 0.000000
1827.218832 1887.363382 0.000000
1827.218832 1901.700823 0.000000
1827.218832 1957.203325 0.000000
1827.218832 1986.607353 0.000000
1827.218832 2028.918371 0.000000
1827.218832 2058.322399 0.000000
1827.218832 2070.011378 0.000000
1827.218832 2104.413610 0.000000
1827.218832 2141.726424 0.000000
1827.218832 2176.128656 0.000000
1827.218832 2187.557884 0.000000
1827.218832 2241.116443 0.000000
1827.218832 2259.272930 0.000000
1827.218832 2269.338971 0.000000
1827.218832 2286.825105 0.000000
1827.218832 2312.831489 0.000000
1827.218832 2341.054017 0.000000
1827.218832 2358.540151 0.000000
1827.218832 2411.928877 0.000000
1827.218832 2483.643923 0.000000
1827.218832 2559.521490 0.000000
1827.218832 2630.682967 0.000000
1827.218832 2662.512247 0.000000
1827.218832 2673.406074 0.000000
1827.218832 2702.398013 0.000000
1827.218832 2734.227293 0.000000
1827.218832 2745.121120 0.000000
1827.218832 2770.747791 0.000000
1827.218832 2792.279745 0.000000
1827.218832 2830.247717 0.000000
1827.218832 2842.462837 0.000000
1827.218832 2863.994791 0.000000
1862.266198 1814.605354 0.000000
1862.266198 1829.985777 0.000000
1862.266198 1887.363382 0.000000
1862.266198 1901.700823 0.000000
1862.266198 1957.203325 0.000000
1862.266198 1986.607353 0.000000
1862.266198 2028.918371 0.000000
1862.266198 2058.322399 0.000000
1862.266198 2070.011378 0.000000
1862.266198 2104.413610 0.000000
1862.266198 2141.726424 0.000000
1862.266198 2176.128656 0.000000
1862.266198 2187.557884 0.000000
1862.266198 2241.116443 0.000000
1862.266198 2259.272930 0.000000
1862.266198 2269.338971 0.000000
1862.266198 2286.825105 0.000000
1862.266198 2312.831489 0.000000
1862.266198 2341.054017 0.000000
1862.266198 2358.540151 0.000000
1862.266198 2411.928877 0.000000
1862.266198 2483.643923 0.000000
1862.266198 2559.521490 0.000000
1862.266198 2630.682967 0.000000
1862.266198 2662.512247 0.000000
1862.266198 2673.406074 0.000000
1862.266198 2702.398013 0.000000
1862.266198 2734.227293 0.000000
1862.266198 2745.121120 0.000000
1862.266198 2770.747791 0.000000
1862.266198 2792.279745 0.000000
1862.266198 2830.247717 0.000000
1862.266198 2842.462837 0.000000
1862.266198 2863.994791 0.000000
1881.026081 1814.605354 0.000000
1881.026081 1829.985777 0.000000
1881.026081 1887.363382 0.000000
1881.026081 1901.700823 0.000000
1881.026081 1957.203325 0.000000
1881.026081 1986.607353 0.000000
1881.026081 2028.918371 0.000000
1881.026081 2058.322399 0.000000
1881.026081 2070.011378 0.000000
1881.026081 2104.413610 0.000000
1881.026081 2141.726424 0.000000
1881.026081 2176.128656 0.000000
1881.026081 2187.557884 0.000000
1881.026081 2241.116443 0.000000
1881.026081 2259.272930 0.000000
1881.026081 2269.338971 0.000000
1881.026081 2286.825105 0.000000
1881.026081 2312.831489 0.000000
1881.026081 2341.054017 0.000000
1881.026081 2358.540151 0.000000
1881.026081 2411.928877 0.000000
1881.026081 2483.643923 0.000000
1881.026081 2559.521490 0.000000
1881.026081 2630.682967 0.000000
1881.026081 2662.512247 0.000000
1881.026081 2673.406074 0.000000
1881.026081 2702.398013 0.000000
1881.026081 2734.227293 0.000000
1881.026081 2745.121120 0.000000
1881.026081 2770.747791 0.000000
1881.026081 2792.279745 0.000000
1881.026081 2830.247717 0.000000
1881.026081 2842.462837 0.000000
1881.026081 2863.994791 0.000000
1898.933878 1814.605354 0.000000
1898.933878 1829.985777 0.000000
1898.933878 1887.363382 0.000000
1898.933878 1901.700823 0.000000
1898.933878 1957.203325 0.000000
1898.933878 1986.607353 0.000000
1898.933878 2028.918371 0.000000
1898.933878 2058.322399 0.000000
1898.933878 2070.011378 0.000000
1898.933878 2104.413610 0.000000
1898.933878 2141.726424 0.000000
1898.933878 2176.128656 0.000000
1898.933878 2187.557884 0.000000
1898.933878 2241.116443 0.000000
1898.933878 2259.272930 0.000000
1898.933878 2269.338971 0.000000
1898.933878 2286.825105 0.000000
1898.933878 2312.831489 0.000000
1898.933878 2341.054017 0.000000
1898.933878 2358.540151 0.000000
1898.933878 2411.928877 0.000000
1898.933878 2483.643923 0.000000
1898.933878 2559.521490 0.000000
1898.933878 2630.682967 0.000000
1898.933878 2662.512247 0.000000
1898.933878 2673.406074 0.000000
1898.933878 2702.398013 0.000000
1898.933878 2734.227293 0.000000
1898.933878 2745.121120 0.000000
1898.933878 2770.747791 0.000000
1898.933878 2792.279745 0.000000
1898.933878 2830.247717 0.000000
1898.933878 2842.462837 0.000000
1898.933878 2863.994791 0.000000
1960.643514 1814.605354 0.000000
1960.643514 1829.985777 0.000000
1960.643514 1887.363382 0.000000
1960.643514 1901.700823 0.000000
1960.643514 1957.203325 0.000000
1960.643514 1986.607353 0.000000
1960.643514 2028.918371 0.000000
1960.643514 2058.322399 0.000000
1960.643514 2070.011378 0.000000
1960.643514 2104.413610 0.000000
1960.643514 2141.726424 0.000000
1960.643514 2176.128656 0.000000
1960.643514 2187.557884 0.000000
1960.643514 2241.116443 0.000000
1960.643514 2259.272930 0.000000
1960.643514 2269.338971 0.000000
1960.643514 2286.825105 0.000000
1960.643514 2312.831489 0.000000
1960.643514 2341.054017 0.000000
1960.643514 2358.540151 0.000000
1960.643514 2411.928877 0.000000
1960.643514 2483.643923 0.000000
1960.643514 2559.521490 0.000000
1960.643514 2630.682967 0.000000
1960.643514 2662.512247 0.000000
1960.643514 2673.406074 0.000000
1960.643514 2702.398013 0.000000
1960.643514 2734.227293 0.000000
1960.643514 2745.121120 0.000000
1960.643514 2770.747791 0.000000
1960.643514 2792.279745 0.000000
1960.643514 2830.247717 0.000000
1960.643514 2842.462837 0.000000
1960.643514 2863.994791 0.000000
2013.556600 1814.605354 0.000000
2013.556600 1829.985777 0.000000
2013.556600 1887.363382 0.000000
2013.556600 1901.700823 0.000000
2013.556600 1957.203325 0.000000
2013.556600 1986.607353 0.000000
2013.556600 2028.918371 0.000000
2013.556600 2058.322399 0.000000
2013.556600 2070.011378 0.000000
2013.556600 2104.413610 0.000000
2013.556600 2141.726424 0.000000
2013.556600 2176.128656 0.000000
2013.556600 2187.557884 0.000000
2013.556600 2241.116443 0.000000
2013.556600 2259.272930 0.000000
2013.556600 2269.338971 0.000000
2013.556600 2286.825105 0.000000
2013.556600 2312.831489 0.000000
2013.556600 2341.054017 0.000000
2013.556600 2358.540151 0.000000
2013.556600 2411.928877 0.000000
2013.556600 2483.643923 0.000000
2013.556600 2559.521490 0.000000
2013.556600 2630.682967 0.000000
2013.556600 2662.512247 0.000000
2013.556600 2673.406074 0.000000
2013.556600 2702.398013 0.000000
2013.556600 2734.227293 0.000000
2013.556600 2745.121120 0.000000
2013.556600 2770.747791 0.000000
2013.556600 2792.279745 0.000000
2013.556600 2830.247717 0.000000
2013.556600 2842.462837 0.000000
2013.556600 2863.994791 0.000000
2032.384817 1814.605354 0.000000
2032.384817 1829.985777 0.000000
2032.384817 1887.363382 0.000000
2032.384817 1901.700823 0.000000
2032.384817 1957.203325 0.000000
2032.384817 1986.607353 0.000000
2032.384817 2028.918371 0.000000
2032.384817 2058.322399 0.000000
2032.384817 2070.011378 0.000000
2032.384817 2104.413610 0.000000
2032.384817 2141.726424 0.000000
2032.384817 2176.128656 0.000000
2032.384817 2187.557884 0.000000
2032.384817 2241.116443 0.000000
2032.384817 2259.272930 0.000000
2032.384817 2269.338971 0.000000
2032.384817 2286.825105 0.000000
2032.384817 2312.831489 0.000000
2032.384817 2341.054017 0.000000
2032.384817 2358.540151 0.000000
2032.384817 2411.928877 0.000000
2032.384817 2483.643923 0.000000
2032.384817 2559.521490 0.000000
2032.384817 2630.682967 0.000000
2032.384817 2662.512247 0.000000
2032.384817 2673.406074 0.000000
2032.384817 2702.398013 0.000000
2032.384817 2734.227293 0.000000
2032.384817 2745.121120 0.000000
2032.384817 2770.747791 0.000000
2032.384817 2792.279745 0.000000
2032.384817 2830.247717 0.000000
2032.384817 2842.462837 0.000000
2032.384817 2863.994791 0.000000
2071.521453 1814.605354 0.000000
2071.521453 1829.985777 0.000000
2071.521453 1887.363382 0.000000
2071.521453 1901.700823 0.000000
2071.521453 1957.203325 0.000000
2071.521453 1986.607353 0.000000
2071.521453 2028.918371 0.000000
2071.521453 2058.322399 0.000000
2071.521453 2070.011378 0.000000
2071.521453 2104.413610 0.000000
2071.521453 2141.726424 0.000000
2071.521453 2176.128656 0.000000
2071.521453 2187.557884 0.000000
2071.521453 2241.116443 0.000000
2071.521453 2259.272930 0.000000
2071.521453 2269.338971 0.000000
2071.521453 2286.825105 0.000000
2071.521453 2312.831489 0.000000
2071.521453 2341.054017 0.000000
2071.521453 2358.540151 0.000000
2071.521453 2411.928877 0.000000
2071.521453 2483.643923 0.000000
2071.521453 2559.521490 0.000000
2071.521453 2630.682967 0.000000
2071.521453 2662.512247 0.000000
2071.521453 2673.406074 0.000000
2071.521453 2702.398013 0.000000
2071.521453 2734.227293 0.000000
2071.521453 2745.121120 0.000000
2071.521453 2770.747791 0.000000
2071.521453 2792.279745 0.000000
2071.521453 2830.247717 0.000000
2071.521453 2842.462837 0.000000
2071.521453 2863.994791 0.000000
2085.271646 1814.605354 0.000000
2085.271646 1829.985777 0.000000
2085.271646 1887.363382 0.000000
2085.271646 1901.700823 0.000000
2085.271646 1957.203325 0.000000
2085.271646 1986.607353 0.000000
2085.271646 2028.918371 0.000000
2085.271646 2058.322399 0.000000
2085.271646 2070.011378 0.000000
2085.271646 2104.413610 0.000000
2085.271646 2141.726424 0.000000
2085.271646 2176.128656 0.000000
2085.271646 2187.557884 0.000000
2085.271646 2241.116443 0.000000
2085.271646 2259.272930 0.000000
2085.271646 2269.338971 0.000000
2085.271646 2286.825105 0.000000
2085.271646 2312.831489 0.000000
2085.271646 2341.054017 0.000000
2085.271646 2358.540151 0.000000
2085.271646 2411.928877 0.000000
2085.271646 2483.643923 0.000000
2085.271646 2559.521490 0.000000
2085.271646 2630.682967 0.000000
2085.271646 2662.512247 0.000000
2085.271646 2673.406074 0.000000
2085.271646 2702.398013 0.000000
2085.271646 2734.227293 0.000000
2085.271646 2745.121120 0.000000
2085.271646 2770.747791 0.000000
2085.271646 2792.279745 0.000000
2085.271646 2830.247717 0.000000
2085.271646 2842.462837 0.000000
2085.271646 2863.994791 0.000000
2108.918853 1814.605354 0.000000
2108.918853 1829.985777 0.000000
2108.918853 1887.363382 0.000000
2108.918853 1901.700823 0.000000
2108.918853 1957.203325 0.000000
2108.918853 1986.607353 0.000000
2108.918853 2028.918371 0.000000
2108.918853 2058.322399 0.000000
2108.918853 2070.011378 0.000000
2108.918853 2104.413610 0.000000
2108.918853 2141.726424 0.000000
2108.918853 2176.128656 0.000000
2108.918853 2187.557884 0.000000
2108.918853 2241.116443 0.000000
2108.918853 2259.272930 0.000000
2108.918853 2269.338971 0.000000
2108.918853 2286.825105 0.000000
2108.918853 2312.831489 0.000000
2108.918853 2341.054017 0.000000
2108.918853 2358.540151 0.000000
2108.918853 2411.928877 0.000000
2108.918853 2483.643923 0.000000
2108.918853 2559.521490 0.000000
2108.918853 2630.682967 0.000000
2108.918853 2662.512247 0.000000
2108.918853 2673.406074 0.000000
2108.918853 2702.398013 0.000000
2108.918853 2734.227293 0.000000
2108.918853 2745.121120 0.000000
2108.918853 2770.747791 0.000000
2108.918853 2792.279745 0.000000
2108.918853 2830.247717 0.000000
2108.918853 2842.462837 0.000000
2108.918853 2863.994791 0.000000
2143.236499 1814.605354 0.000000
2143.236499 1829.985777 0.000000
2143.236499 1887.363382 0.000000
2143.236499 1901.700823 0.000000
2143.236499 1957.203325 0.000000
2143.236499 1986.607353 0.000000
2143.236499 2028.918371 0.000000
2143.236499 2058.322399 0.000000
2143.236499 2070.011378 0.000000
2143.236499 2104.413610 0.000000
2143.236499 2141.726424 0.000000
2143.236499 2176.128656 0.000000
2143.236499 2187.557884 0.000000
2143.236499 2241.116443 0.000000
2143.236499 2259.272930 0.000000
2143.236499 2269.338971 0.000000
2143.236499 2286.825105 0.000000
2143.236499 2312.831489 0.000000
2143.236499 2341.054017 0.000000
2143.236499 2358.540151 0.000000
2143.236499 2411.928877 0.000000
2143.236499 2483.643923 0.000000
2143.236499 2559.521490 0.000000
2143.236499 2630.682967 0.000000
2143.236499 2662.512247 0.000000
2143.236499 2673.406074 0.000000
2143.236499 2702.398013 0.000000
2143.236499 2734.227293 0.000000
2143.236499 2745.121120 0.000000
2143.236499 2770.747791 0.000000
2143.236499 2792.279745 0.000000
2143.236499 2830.247717 0.000000
2143.236499 2842.462837 0.000000
2143.236499 2863.994791 0.000000
2166.805686 1814.605354 0.000000
2166.805686 1829.985777 0.000000
2166.805686 1887.363382 0.000000
2166.805686 1901.700823 0.000000
2166.805686 1957.203325 0.000000
2166.805686 1986.607353 0.000000
2166.805686 2028.918371 0.000000
2166.805686 2058.322399 0.000000
2166.805686 2070.011378 0.000000
2166.805686 2104.413610 0.000000
2166.805686 2141.726424 0.000000
2166.805686 2176.128656 0.000000
2166.805686 2187.557884 0.000000
2166.805686 2241.116443 0.000000
2166.805686 2259.272930 0.000000
2166.805686 2269.338971 0.000000
2166.805686 2286.825105 0.000000
2166.805686 2312.831489 0.000000
2166.805686 2341.054017 0.000000
2166.805686 2358.540151 0.000000
2166.805686 2411.928877 0.000000
2166.805686 2483.643923 0.000000
2166.805686 2559.521490 0.000000
2166.805686 2630.682967 0.000000
2166.805686 2662.512247 0.000000
2166.805686 2673.406074 0.000000
2166.805686 2702.398013 0.000000
2166.805686 2734.227293 0.000000
2166.805686 2745.121120 0.000000
2166.805686 2770.747791 0.000000
2166.805686 2792.279745 0.000000
2166.805686 2830.247717 0.000000
2166.805686 2842.462837 0.000000
2166.805686 2863.994791 0.000000
2180.633899 1814.605354 0.000000
2180.633899 1829.985777 0.000000
2180.633899 1887.363382 0.000000
2180.633899 1901.700823 0.000000
2180.633899 1957.203325 0.000000
2180.633899 1986.607353 0.000000
2180.633899 2028.918371 0.000000
2180.633899 2058.322399 0.000000
2180.633899 2070.011378 0.000000
2180.633899 2104.413610 0.000000
2180.633899 2141.726424 0.000000
2180.633899 2176.128656 0.000000
2180.633899 2187.557884 0.000000
2180.633899 2241.116443 0.000000
2180.633899 2259.272930 0.000000
2180.633899 2269.338971 0.000000
2180.633899 2286.825105 0.000000
2180.633899 2312.831489 0.000000
2180.633899 2341.054017 0.000000
2180.633899 2358.540151 0.000000
2180.633899 2411.928877 0.000000
2180.633899 2483.643923 0.000000
2180.633899 2559.521490 0.000000
2180.633899 2630.682967 0.000000
2180.633899 2662.512247 0.000000
2180.633899 2673.406074 0.000000
2180.633899 2702.398013 0.000000
2180.633899 2734.227293 0.000000
2180.633899 2745.121120 0.000000
2180.633899 2770.747791 0.000000
2180.633899 2792.279745 0.000000
2180.633899 2830.247717 0.000000
2180.633899 2842.462837 0.000000
2180.633899 2863.994791 0.000000
2210.984227 1814.605354 0.000000
2210.984227 1829.985777 0.000000
2210.984227 1887.363382 0.000000
2210.984227 1901.700823 0.000000
2210.984227 1957.203325 0.000000
2210.984227 1986.607353 0.000000
2210.984227 2028.918371 0.000000
2210.984227 2058.322399 0.000000
2210.984227 2070.011378 0.000000
2210.984227 2104.413610 0.000000
2210.984227 2141.726424 0.000000
2210.984227 2176.128656 0.000000
2210.984227 2187.557884 0.000000
2210.984227 2241.116443 0.000000
2210.984227 2259.272930 0.000000
2210.984227 2269.338971 0.000000
2210.984227 2286.825105 0.000000
2210.984227 2312.831489 0.000000
2210.984227 2341.054017 0.000000
2210.984227 2358.540151 0.000000
2210.984227 2411.928877 0.000000
2210.984227 2483.643923 0.000000
2210.984227 2559.521490 0.000000
2210.984227 2630.682967 0.000000
2210.984227 2662.512247 0.000000
2210.984227 2673.406074 0.000000
2210.984227 2702.398013 0.000000
2210.984227 2734.227293 0.000000
2210.984227 2745.121120 0.000000
2210.984227 2770.747791 0.000000
2210.984227 2792.279745 0.000000
2210.984227 2830.247717 0.000000
2210.984227 2842.462837 0.000000
2210.984227 2863.994791 0.000000
2233.694842 1814.605354 0.000000
2233.694842 1829.985777 0.000000
2233.694842 1887.363382 0.000000
2233.694842 1901.700823 0.000000
2233.694842 1957.203325 0.000000
2233.694842 1986.607353 0.000000
2233.694842 2028.918371 0.000000
2233.694842 2058.322399 0.000000
2233.694842 2070.011378 0.000000
2233.694842 2104.413610 0.000000
2233.694842 2141.726424 0.000000
2233.694842 2176.128656 0.000000
2233.694842 2187.557884 0.000000
2233.694842 2241.116443 0.000000
2233.694842 2259.272930 0.000000
2233.694842 2269.338971 0.000000
2233.694842 2286.825105 0.000000
2233.694842 2312.831489 0.000000
2233.694842 2341.054017 0.000000
2233.694842 2358.540151 0.000000
2233.694842 2411.928877 0.000000
2233.694842 2483.643923 0.000000
2233.694842 2559.521490 0.000000
2233.694842 2630.682967 0.000000
2233.694842 2662.512247 0.000000
2233.694842 2673.406074 0.000000
2233.694842 2702.398013 0.000000
2233.694842 2734.227293 0.000000
2233.694842 2745.121120 0.000000
2233.694842 2770.747791 0.000000
2233.694842 2792.279745 0.000000
2233.694842 2830.247717 0.000000
2233.694842 2842.462837 0.000000
2233.694842 2863.994791 0.000000
2254.392241 1814.605354 0.000000
2254.392241 1829.985777 0.000000
2254.392241 1887.363382 0.000000
2254.392241 1901.700823 0.000000
2254.392241 1957.203325 0.000000
2254.392241 1986.607353 0.000000
2254.392241 2028.918371 0.000000
2254.392241 2058.322399 0.000000
2254.392241 2070.011378 0.000000
2254.392241 2104.413610 0.000000
2254.392241 2141.726424 0.000000
2254.392241 2176.128656 0.000000
2254.392241 2187.557884 0.000000
2254.392241 2241.116443 0.000000
2254.392241 2259.272930 0.000000
2254.392241 2269.338971 0.000000
2254.392241 2286.825105 0.000000
2254.392241 2312.831489 0.000000
2254.392241 2341.054017 0.000000
2254.392241 2358.540151 0.000000
2254.392241 2411.928877 0.000000
2254.392241 2483.643923 0.000000
2254.392241 2559.521490 0.000000
2254.392241 2630.682967 0.000000
2254.392241 2662.512247 0.000000
2254.392241 2673.406074 0.000000
2254.392241 2702.398013 0.000000
2254.392241 2734.227293 0.000000
2254.392241 2745.121120 0.000000
2254.392241 2770.747791 0.000000
2254.392241 2792.279745 0.000000
2254.392241 2830.247717 0.000000
2254.392241 2842.462837 0.000000
2254.392241 2863.994791 0.000000
2282.699273 1814.605354 0.000000
2282.699273 1829.985777 0.000000
2282.699273 1887.363382 0.000000
2282.699273 1901.700823 0.000000
2282.699273 1957.203325 0.000000
2282.699273 1986.607353 0.000000
2282.699273 2028.918371 0.000000
2282.699273 2058.322399 0.000000
2282.699273 2070.011378 0.000000
2282.699273 2104.413610 0.000000
2282.699273 2141.726424 0.000000
2282.699273 2176.128656 0.000000
2282.699273 2187.557884 0.000000
2282.699273 2241.116443 0.000000
2282.699273 2259.272930 0.000000
2282.699273 2269.338971 0.000000
2282.699273 2286.825105 0.000000
2282.699273 2312.831489 0.000000
2282.699273 2341.054017 0.000000
2282.699273 2358.540151 0.000000
2282.699273 2411.928877 0.000000
2282.699273 2483.643923 0.000000
2282.699273 2559.521490 0.000000
2282.699273 2630.682967 0.000000
2282.699273 2662.512247 0.000000
2282.699273 2673.406074 0.000000
2282.699273 2702.398013 0.000000
2282.699273 2734.227293 0.000000
2282.699273 2745.121120 0.000000
2282.699273 2770.747791 0.000000
2282.699273 2792.279745 0.000000
2282.699273 2830.247717 0.000000
2282.699273 2842.462837 0.000000
2282.699273 2863.994791 0.000000
